instance	g	UB		    LB		    best known solution
br17		2	39		    38.1		39
ft53		2	3026		2923.1		2990
ft70		2	15909		15500.0		15699
ftv100		2	1669		1668.0		1669
ftv110		2	1893		1892.0		1892
ftv120		2	1950		1947.9		1950
ftv130		2	2161		2158.1		2160
ftv140		2	2257		2252.7		2255
ftv150		2	2544		2542.2		2543
ftv160		2	2528		2520.0		2528
ftv170		2	2660		2649.0		2660
ftv33		2	1083		1082.1		1083
ftv35		2	1161		1160.1		1161
ftv38		2	1185		1177.1		1185
ftv44		2	1269		1268.0		1269
ftv47		2	1410		1409.0		1410
ftv55		2	1553		1525.8		1553
ftv64		2	1545		1540.2		1545
ftv70		2	1669		1635.2		1669
ftv80		2	1376		1375.0		1376
ftv90		2	1452		1451.0		1452
kro124		2	9831		9227.7		9619
p43		    2	371		    370.0		371
ry48p		2	4430		4070.0		4426
rbg323		2	1201		1175.0		1181
rbg358		2	990		    986.0		987
rbg403		2	2102		2053.0		2054
rbg443		2	2401		2360.0		2370
br17		5	39		    38.1		39
ft53		5	3721		3557.9		3667
ft70		5	25609		24870.0		25195
ftv100		5	1669		1668.0		1669
ftv110		5	1893		1892.0		1892
ftv120		5	1950		1947.1		1950
ftv130		5	2161		2158.1		2160
ftv140		5	2264		2242.5		2255
ftv150		5	2551		2541.0		2543
ftv160		5	2530		2520.0		2528
ftv170		5	2660		2649.0		2660
ftv33		5	1083		1082.1		1083
ftv35		5	1165		1155.7		1161
ftv38		5	1185		1177.7		1185
ftv44		5	1269		1266.1		1269
ftv47		5	1410		1409.0		1410
ftv55		5	1555		1525.8		1553
ftv64		5	1545		1540.2		1545
ftv70		5	1673		1630.7		1669
ftv80		5	1380		1374.8		1376
ftv90		5	1452		1451.0		1452
kro124		5	16951		16179.8		16595
p43		    5	371		    370.0		371
ry48p		5	5980		5783.8		5960
rbg323		5	1201		1177.1		1181
rbg358		5	997		    983.7		987
rbg403		5	2102		2051.3		2054
rbg443		5	2401		2366.8		2370
br17		8	39		    38.1		39
ft53		8	4959		4830.0		4898
ft70		8	25488		24903.9		25195
ftv100		8	1669		1668.0		1669
ftv110		8	1893		1892.0		1892
ftv120		8	1950		1946.1		1950
ftv130		8	2165		2151.4		2160
ftv140		8	2264		2240.0		2255
ftv150		8	2544		2539.6		2543
ftv160		8	2530		2515.0		2528
ftv170		8	2660		2648.6		2660
ftv33		8	1148		1146.8		1148
ftv35		8	1189		1180.4		1189
ftv38		8	1225		1196.6		1219
ftv44		8	1312		1290.5		1312
ftv47		8	1450		1427.9		1449
ftv55		8	1554		1525.8		1553
ftv64		8	1550		1547.7		1548
ftv70		8	1716		1700.3		1716
ftv80		8	1376		1375.0		1376
ftv90		8	1452		1451.0		1452
kro124		8	25607		24502.8		25036
p43		    8	371		    370.0		371
ry48p		8	9471		9290.1		9461
rbg323		8	1198		1177.9		1181
rbg358		8	990		    985.3		987
rbg403		8	2092		2051.8		2054
rbg443		8	2401		2366.8		2370
atex1		2	1028		1027.0		1028
atex3		2	1580		1579.7		1580
atex4		2	2310		2309.3		2310
atex5		2	3291		3241.7		3281
dc112		2	3993		3992.2		3993
dc126		2	6281		6132.0		6204
dc134		2	3743		3742.1		3743
dc176		2	5561		5474.6		5495
dc188		2	4599		4522.7		4562
code198		2	861		    826.0		842
code253		2	6417		6158.0		6263
td100_1		2	36960		35905.8		36509
td316_10	2	76986		76087.5		76557
atex1		5	1603		1363.8		1597
atex3		5	1963		1872.8		1943
atex4		5	2310		2309.3		2310
atex5		5	3315		3266.4		3281
dc112		5	4242		4242.0		4242
dc126		5	12752		12362.5		12595
dc134		5	3743		3742.1		3743
dc176		5	5561		5474.6		5495
dc188		5	4599		4522.7		4562
code198		5	861		    826.0		842
code253		5	6417		6158.0		6263
td100_1		5	86909		84982.0		85987
td316_10	5	204331		200318.6	201465
atex1		8	1604		1566.7		1597
atex3		8	2491		2437.3		2464
atex4		8	2497		2356.2		2465
atex5		8	3633		3479.3		3592
dc112		8	6501		6501.0		6501
dc126		8	51239		49719.9		50597
dc134		8	3821		3800.4		3807
dc176		8	5715		5564.6		5625
dc188		8	4653		4567.0		4608
code198		8	861		    826.0		842
code253		8	23709		22698.9		23069
td100_1		8	159743		154872.0	157727
td316_10	8	395088		384379.4	387300
crane100_0	2	1539931		1496319.6	1519569
crane100_1	2	1032523		1019049.7	1028512
crane100_2	2	1330918		1292421.6	1318394
crane100_3	2	1383523		1366986.9	1378011
crane100_4	2	1214944		1194492.5	1203034
crane100_5	2	1223983		1200969.2	1211265
crane100_6	2	1026234		1026234.0	1026234
crane100_7	2	1240795		1240795.0	1240795
crane100_8	2	1426185		1394927.4	1408022
crane100_9	2	1268022		1240645.3	1255841
crane316_10	2	1805731		1778497.0	1791756
crane316_11	2	1818963		1796197.4	1806858
crane316_12	2	1968055		1942851.8	1953793
crane316_13	2	1826437		1805304.9	1806208
crane316_14	2	1737346		1712197.7	1722533
crane316_15	2	1986257		1952609.2	1967761
crane316_16	2	1746193		1721472.3	1728733
crane316_17	2	1829052		1806943.5	1812199
crane316_18	2	1680097		1658368.9	1671406
crane316_19	2	1575864		1556432.8	1567089
crane66_0	2	1256251		1216547.4	1252494
crane66_1	2	961865		961865.0	961865
crane66_2	2	1182704		1182704.0	1182704
stilt100_0	2	2511966		2404424.9	2500962
stilt100_1	2	2672450		2514267.4	2645205
stilt100_2	2	2682171		2544412.9	2654301
stilt100_3	2	3361248		3212517.8	3327310
stilt100_4	2	2671643		2581656.6	2662325
stilt100_5	2	2485118		2396973.2	2469070
stilt100_6	2	2752676		2489414.7	2722457
stilt100_7	2	3097931		2908306.7	3088358
stilt100_8	2	2765915		2571575.1	2752703
stilt100_9	2	2529003		2437062.5	2505204
stilt316_10	2	4259818		4152213.2	4186965
stilt316_11	2	4026716		3923222.2	3980542
stilt316_12	2	4092856		3979019.4	4065617
stilt316_13	2	4588059		4420087.9	4515362
stilt316_14	2	3882977		3800042.2	3839590
stilt316_15	2	4354395		4300078.9	4310856
stilt316_16	2	4193972		4069877.8	4136475
stilt316_17	2	4603918		4488809.3	4531862
stilt316_18	2	4459552		4389136.2	4401019
stilt316_19	2	4429139		4215321.7	4390503
crane100_0	5	3164486		3042823.7	3119565
crane100_1	5	2603184		2535898.9	2587916
crane100_2	5	2880373		2803316.9	2843409
crane100_3	5	2791376		2713792.6	2751209
crane100_4	5	2967592		2894933.4	2929798
crane100_5	5	2756499		2756499.0	2756499
crane100_6	5	2318584		2289273.5	2307968
crane100_7	5	2626015		2626015.0	2626015
crane100_8	5	3100592		3044040.1	3056879
crane100_9	5	2853993		2743382.5	2807391
crane316_10	5	4912604		4815363.4	4862039
crane316_11	5	4589917		4536715.5	4547174
crane316_12	5	5016467		4904519.0	4931643
crane316_13	5	4752664		4639438.6	4678740
crane316_14	5	4301355		4236421.7	4244061
crane316_15	5	4689805		4619532.4	4623231
crane316_16	5	5155626		5025912.7	5066955
crane316_17	5	5449079		5325151.1	5388193
crane316_18	5	4276098		4228590.6	4241740
crane316_19	5	4322582		4245622.1	4275551
crane66_0	5	2617682		2553548.8	2617682
crane66_1	5	2311795		2265340.7	2277182
crane66_2	5	2568208		2546911.3	2565899
stilt100_0	5	5837877		5703281.6	5776645
stilt100_1	5	5877753		5782294.3	5820711
stilt100_2	5	5912671		5755971.0	5825292
stilt100_3	5	6479310		6221570.6	6395529
stilt100_4	5	5908208		5673290.0	5872971
stilt100_5	5	6478185		6090041.7	6363015
stilt100_6	5	5476226		5245119.0	5412361
stilt100_7	5	5935471		5790805.0	5904767
stilt100_8	5	5699532		5523840.6	5649254
stilt100_9	5	6006610		5791220.0	5933627
stilt316_10	5	9698770		9459210.4	9698770
stilt316_11	5	11182455	10898229.7	10973950
stilt316_12	5	11140562	10894355.6	11140562
stilt316_13	5	10581816	10323622.3	10369247
stilt316_14	5	11648719	11262454.1	11461891
stilt316_15	5	10324831	10102967.0	10177261
stilt316_16	5	11922684	11594977.4	11703823
stilt316_17	5	12932134	12614003.5	12932134
stilt316_18	5	11103032	10833419.9	10871470
stilt316_19	5	10275779	10058525.6	10275779
crane100_0	8	5276384		5147578.2	5193803
crane100_1	8	4734596		4575869.1	4696089
crane100_2	8	5101127		4883748.8	5020301
crane100_3	8	4701300		4584796.7	4623169
crane100_4	8	5066143		4909633.0	4984399
crane100_5	8	5181831		5033322.1	5156564
crane100_6	8	4138550		4055984.5	4107742
crane100_7	8	4492429		4418068.2	4452800
crane100_8	8	4891623		4819326.0	4819808
crane100_9	8	4646713		4503028.9	4561415
crane316_10	8	8451199		8280755.5	8355116
crane316_11	8	8082514		7855221.3	8003282
crane316_12	8	8102996		7946190.5	7959722
crane316_13	8	7546490		7374607.6	7440831
crane316_14	8	8364969		8102868.5	8242161
crane316_15	8	8009557		7849555.3	7881871
crane316_16	8	8991853		8749164.5	8825060
crane316_17	8	8863450		8715551.1	8751432
crane316_18	8	8267273		8166513.1	8191908
crane316_19	8	8236771		8079261.7	8119045
crane66_0	8	4194580		4125289.7	4174127
crane66_1	8	4010020		3852834.7	3979379
crane66_2	8	4183029		4067533.3	4124869
stilt100_0	8	10300313	9786056.8	10123158
stilt100_1	8	10233461	9795301.3	10049555
stilt100_2	8	9776155		9443325.7	9619360
stilt100_3	8	10038170	9479173.1	9911306
stilt100_4	8	10332109	9995348.5	10235892
stilt100_5	8	10306629	9725945.4	10116440
stilt100_6	8	9414120		8964191.6	9296061
stilt100_7	8	10451329	10293448.6	10386931
stilt100_8	8	9737544		9268717.7	9626836
stilt100_9	8	10166167	9689784.3	10008040
stilt316_10	8	17928414	17357345.4	17463875
stilt316_11	8	19059822	18377480.4	19059822
stilt316_12	8	18612615	18073119.6	18603314
stilt316_13	8	18244999	17149970.6	18244999
stilt316_14	8	18604883	18119030.8	18265152
stilt316_15	8	19808755	19341915.5	19370972
stilt316_16	8	18183724	17165592.7	17830677
stilt316_17	8	18621782	17963353.1	18391884
stilt316_18	8	18718446	18035086.0	18718446
stilt316_19	8	18428502	24074702.5	18428502
