instance     g  runs  mean_solution  std_solution  best_solution  mean_time  std_time  best_time  gurobi_solution  gurobi_time  gurobi_status  gap_gurobi_percent  faster_than_gurobi  UB          gap_UB_percent
atex1        2  10    1028.00        0.00          1028.00        0.0200     0.0000    0.0200     1028.0           0.2          OPTIMAL        0.0000              True                1028.0      0.0000
atex1        5  10    1597.00        0.00          1597.00        0.0400     0.0000    0.0400     1597.0           0.6          OPTIMAL        0.0000              True                1603.0      -0.3743
atex1        8  10    1597.00        0.00          1597.00        0.0390     0.0032    0.0300     1597.0           0.4          OPTIMAL        0.0000              True                1604.0      -0.4364
atex3        2  10    1580.00        0.00          1580.00        0.0960     0.0052    0.0900     1580.0           0.8          OPTIMAL        0.0000              True                1580.0      0.0000
atex3        5  10    1943.00        0.00          1943.00        0.2120     0.0042    0.2100     1943.0           1.3          OPTIMAL        0.0000              True                1963.0      -1.0188
atex3        8  10    2464.00        0.00          2464.00        0.3400     0.0067    0.3300     2464.0           1.5          OPTIMAL        0.0000              True                2491.0      -1.0839
atex4        2  10    2310.00        0.00          2310.00        0.3510     0.0074    0.3400     2310.0           3.0          OPTIMAL        0.0000              True                2310.0      0.0000
atex4        5  10    2374.90        19.29         2320.00        0.6500     0.0115    0.6400     2320.0           3.3          OPTIMAL        0.0000              True                2310.0      0.4329
atex4        8  10    2549.00        0.00          2549.00        47.1860    0.7993    46.3100    2465.0           8.9          OPTIMAL        3.4077              False               2497.0      2.0825
atex5        2  10    3317.40        25.30         3288.00        0.6320     0.0042    0.6300     3281.0           5.3          OPTIMAL        0.2133              True                3291.0      -0.0912
atex5        5  10    3351.00        0.00          3351.00        1.4400     0.0105    1.4300     3281.0           8.3          OPTIMAL        2.1335              True                3315.0      1.0860
atex5        8  10    3780.00        48.50         3756.00        3.1320     0.1386    3.0200     3592.0           6.8          OPTIMAL        4.5657              True                3633.0      3.3856
br17         2  10    39.00          0.00          39.00          0.0900     0.0000    0.0900     39.0             0.1          OPTIMAL        0.0000              True                39.0        0.0000
br17         5  10    39.00          0.00          39.00          0.0760     0.0052    0.0700     39.0             0.1          OPTIMAL        0.0000              True                39.0        0.0000
br17         8  10    39.00          0.00          39.00          0.0610     0.0032    0.0600     39.0             0.2          OPTIMAL        0.0000              True                39.0        0.0000
code198      2  10    844.00         0.00          844.00         279.7080   0.7348    278.7400   842.0            13.0         OPTIMAL        0.2375              False               861.0       -1.9744
code198      5  10    844.00         0.00          844.00         276.3520   0.6117    275.3700   842.0            13.4         OPTIMAL        0.2375              False               861.0       -1.9744
code198      8  10    1293.00        0.00          1293.00        287.4970   1.2074    284.9700   842.0            13.7         OPTIMAL        53.5629             False               861.0       50.1742
code253      2  10    6300.00        0.00          6300.00        170.9430   1.2884    168.9500   6263.0           25.4         OPTIMAL        0.5908              False               6417.0      -1.8233
code253      5  10    12341.60       53.98         12264.00       302.8250   1.1211    301.3100   6263.0           23.1         OPTIMAL        95.8167             False               6417.0      91.1173
code253      8  10    34586.60       608.85        33576.00       557.5580   1.7578    555.7900   23069.0          314.8        OPTIMAL        45.5460             False               23709.0     41.6171
crane100_0   2  10    1527873.00     0.00          1527873.00     1.0480     0.0079    1.0400     1519569.0        120.9        OPTIMAL        0.5465              True                1539931.0   -0.7830
crane100_0   5  10    3467562.10     19326.32      3459421.00     1.8090     0.0110    1.8000     3119565.0        53.7         OPTIMAL        10.8943             True                3164486.0   9.3202
crane100_0   8  10    5470198.30     9739.11       5465398.00     5.3130     0.0320    5.2500     5193803.0        56.6         OPTIMAL        5.2292              True                5276384.0   3.5823
crane100_1   2  10    1120071.60     47513.01      1029922.00     1.3150     0.0071    1.3100     1028512.0        16.9         OPTIMAL        0.1371              True                1032523.0   -0.2519
crane100_1   5  10    2779713.30     22731.98      2763704.00     2.6340     0.0143    2.6200     2587915.7        58.0         OPTIMAL        6.7927              True                2603184.0   6.1663
crane100_1   8  10    5011228.00     0.00          5011228.00     5.7170     0.0275    5.6900     4696089.0        36.4         OPTIMAL        6.7107              True                4734596.0   5.8428
crane100_2   2  10    1366027.50     18102.98      1318394.00     1.3300     0.0082    1.3200     1318394.0        44.0         OPTIMAL        0.0000              True                1330918.0   -0.9410
crane100_2   5  10    3170717.30     29042.15      3116599.00     2.5000     0.0211    2.4600     2843409.0        24.3         OPTIMAL        9.6078              True                2880373.0   8.2012
crane100_2   8  10    5386573.10     61724.11      5337204.00     5.7880     0.0980    5.6500     5020301.0        60.1         OPTIMAL        6.3124              True                5101127.0   4.6279
crane100_3   2  10    1564833.00     0.00          1564833.00     1.5430     0.0200    1.5200     1378011.0        77.4         OPTIMAL        13.5574             True                1383523.0   13.1050
crane100_3   5  10    2858738.90     18613.73      2849954.00     3.3420     0.0225    3.3200     2751209.0        37.2         OPTIMAL        3.5891              True                2791376.0   2.0985
crane100_3   8  10    4959278.90     35353.22      4898598.00     6.4660     0.1039    6.3000     4623169.0        25.1         OPTIMAL        5.9576              True                4701300.0   4.1967
crane100_4   2  10    1185142.00     0.00          1185142.00     1.3330     0.0082    1.3200     1203034.0        17.6         OPTIMAL        -1.4872             True                1214944.0   -2.4530
crane100_4   5  10    3116992.50     39447.04      3071875.00     2.4040     0.0246    2.3700     2929798.0        49.9         OPTIMAL        4.8494              True                2967592.0   3.5141
crane100_4   8  10    5367762.60     13408.56      5331663.00     6.4080     0.0751    6.3100     4984399.0        69.3         OPTIMAL        6.9670              True                5066143.0   5.2411
crane100_5   2  10    1323249.00     0.00          1323249.00     1.6330     0.0275    1.5900     1211265.0        48.3         OPTIMAL        9.2452              True                1223983.0   8.1101
crane100_5   5  10    3160022.40     3057.59       3157654.00     3.1580     0.0322    3.1000     2756499.0        18.6         OPTIMAL        14.5531             True                2756499.0   14.5531
crane100_5   8  10    5695727.60     63371.29      5575748.00     7.1450     0.0477    7.1000     5157956.0        28.3         OPTIMAL        8.1000              True                5181831.0   7.6019
crane100_6   2  10    1026234.00     0.00          1026234.00     1.3570     0.0200    1.3200     1026234.0        33.3         OPTIMAL        0.0000              True                1026234.0   0.0000
crane100_6   5  10    2501431.20     23484.96      2469226.00     2.6300     0.0262    2.6000     2307968.0        19.5         OPTIMAL        6.9870              True                2318584.0   6.4972
crane100_6   8  10    4481245.10     1730.08       4480698.00     6.0160     0.0536    5.9400     4107742.0        10.7         OPTIMAL        9.0793              True                4138550.0   8.2673
crane100_7   2  10    1364293.00     0.00          1364293.00     1.3740     0.0052    1.3700     1240795.0        30.6         OPTIMAL        9.9531              True                1240795.0   9.9531
crane100_7   5  10    2882800.60     4014.20       2871376.00     2.6480     0.0210    2.6100     2626015.0        13.8         OPTIMAL        9.3435              True                2626015.0   9.3435
crane100_7   8  10    4825650.00     0.00          4825650.00     5.6660     0.0306    5.6300     4457398.0        10.4         OPTIMAL        8.2616              True                4492429.0   7.4174
crane100_8   2  10    1557827.10     5960.58       1540863.00     1.3500     0.0163    1.3300     1408021.8        55.1         OPTIMAL        9.4346              True                1426185.0   8.0409
crane100_8   5  10    3188001.00     0.00          3188001.00     2.6450     0.0196    2.6200     3056879.0        19.3         OPTIMAL        4.2894              True                3100592.0   2.8191
crane100_8   8  10    5323668.70     52989.58      5247246.00     6.6230     0.0406    6.5800     4819808.0        9.5          OPTIMAL        8.8684              True                4891623.0   7.2700
crane100_9   2  10    1377457.00     0.00          1377457.00     1.4170     0.0067    1.4100     1255841.0        280.2        OPTIMAL        9.6840              True                1268022.0   8.6304
crane100_9   5  10    3034530.80     17668.89      3009722.00     2.4690     0.0129    2.4500     2807391.0        223.8        OPTIMAL        7.2071              True                2853993.0   5.4565
crane100_9   8  10    4749979.00     23703.06      4735258.00     5.5440     0.0184    5.5300     4561415.0        54.4         OPTIMAL        3.8112              True                4646713.0   1.9055
crane316_10  2  10    2053092.10     19713.75      2015021.00     38.8020    0.3287    38.3400    1792393.0        1489.9       OPTIMAL        12.4207             True                1805731.0   11.5903
crane316_10  5  10    5312123.20     57176.24      5192012.00     108.3890   0.7892    107.2100   4423414.0        1423.1       OPTIMAL        17.3757             True                4912604.0   5.6876
crane316_10  8  10    9194405.40     127536.26     8956115.00     397.6420   0.5904    396.5100   7839559.0        1522.0       OPTIMAL        14.2426             True                8451199.0   5.9745
crane316_11  2  10    2252050.40     21170.94      2238902.00     35.1390    0.3315    34.6100    1806858.0        3600.2       TIME_LIMIT     23.9113             True                1818963.0   23.0867
crane316_11  5  10    5394934.50     54458.11      5343271.00     106.6770   0.7063    105.0800   4547174.0        1048.4       OPTIMAL        17.5075             True                4589917.0   16.4132
crane316_11  8  10    9174565.80     70309.11      9092874.00     415.2380   24.7910   383.1400   8003282.0        2163.5       OPTIMAL        13.6143             True                8082514.0   12.5006
crane316_12  2  10    2312417.20     22952.87      2254835.00     38.6630    0.1619    38.3900    1971472.0        3600.4       TIME_LIMIT     14.3732             True                1968055.0   14.5717
crane316_12  5  10    5246148.00     0.00          5246148.00     120.4410   0.6400    119.5400   4501234.0        3607.5       TIME_LIMIT     16.5491             True                5016467.0   4.5785
crane316_12  8  10    8725805.90     98076.17      8551390.00     399.4760   10.3784   386.5300   7726334.0        2722.4       OPTIMAL        10.6785             True                8102996.0   5.5337
crane316_13  2  10    2150909.40     13652.16      2112791.00     38.5210    0.1622    38.2300    1724803.0        3600.2       TIME_LIMIT     22.4946             True                1826437.0   15.6783
crane316_13  5  10    5189751.00     0.00          5189751.00     102.5740   0.6407    101.5600   4209269.0        1329.2       OPTIMAL        23.2934             True                4752664.0   9.1967
crane316_13  8  10    8476767.70     130205.26     8291598.00     407.2470   7.3283    399.3400   7440831.0        1313.4       OPTIMAL        11.4338             True                7546490.0   9.8736
crane316_14  2  10    2054541.20     8246.99       2034024.00     39.2690    0.1400    39.0300    1690461.0        3600.1       TIME_LIMIT     20.3236             True                1737346.0   17.0765
crane316_14  5  10    5001784.10     30505.37      4940162.00     124.6830   1.0528    122.3900   4298748.0        3600.1       TIME_LIMIT     14.9209             True                4301355.0   14.8513
crane316_14  8  10    8569966.60     58223.63      8414837.00     419.1000   6.1917    414.5400   7705981.0        3544.7       OPTIMAL        9.1988              True                8364969.0   0.5962
crane316_15  2  10    2342980.30     24152.80      2330169.00     38.3920    0.2249    38.0800    1859953.0        3604.5       TIME_LIMIT     25.2811             True                1986257.0   17.3146
crane316_15  5  10    5661725.90     58362.87      5519000.00     119.0410   0.9410    117.6100   4534538.0        3600.2       TIME_LIMIT     21.7103             True                4689805.0   17.6808
crane316_15  8  10    9251509.60     44433.45      9223932.00     523.4290   18.4426   471.4900   7881871.0        1634.3       OPTIMAL        17.0272             True                8009557.0   15.1616
crane316_16  2  10    2306941.00     29561.32      2233625.00     41.2350    0.2642    40.8300    1713861.9        3600.1       TIME_LIMIT     30.3270             True                1746193.0   27.9140
crane316_16  5  10    5501676.00     0.00          5501676.00     117.1770   1.0255    115.5100   4645820.0        3600.3       TIME_LIMIT     18.4221             True                5155626.0   6.7121
crane316_16  8  10    8907438.20     66955.10      8855575.00     414.0220   11.4248   402.7000   8032853.0        3600.1       TIME_LIMIT     10.2420             True                8991853.0   -1.5156
crane316_17  2  10    2317728.90     39071.74      2240159.00     38.1530    0.3160    37.6700    1812199.0        3600.1       TIME_LIMIT     23.6155             True                1829052.0   22.4765
crane316_17  5  10    5811493.60     6850.76       5808244.00     109.8280   0.5991    108.4600   4642919.9        3177.8       OPTIMAL        25.0989             True                5449079.0   6.5913
crane316_17  8  10    9752764.40     23016.26      9691943.00     522.9560   18.3618   493.7200   8412189.3        3600.1       TIME_LIMIT     15.2131             True                8863450.0   9.3473
crane316_18  2  10    2104133.50     13418.91      2067710.00     34.2300    0.1498    34.0500    1705860.0        3600.1       TIME_LIMIT     21.2122             True                1680097.0   23.0709
crane316_18  5  10    5254698.80     16472.94      5207816.00     93.5230    0.5054    92.8200    4241740.0        1465.2       OPTIMAL        22.7755             True                4276098.0   21.7890
crane316_18  8  10    9277344.70     77954.26      9055483.00     419.8690   3.5275    413.0100   7978220.0        3600.1       TIME_LIMIT     13.5025             True                8267273.0   9.5341
crane316_19  2  10    1968843.40     87443.40      1876851.00     35.3740    0.1987    35.0000    1567089.0        2284.8       OPTIMAL        19.7667             True                1575864.0   19.0998
crane316_19  5  10    5121188.30     47419.30      5106193.00     103.0420   0.5494    102.0700   4272261.0        1872.4       OPTIMAL        19.5197             True                4322582.0   18.1283
crane316_19  8  10    8938741.60     61650.67      8867110.00     387.2860   31.3232   360.0600   7902226.0        3600.0       TIME_LIMIT     12.2103             True                8236771.0   7.6527
crane66_0    2  10    1377182.40     3546.81       1367088.00     0.4210     0.0032    0.4200     1252494.0        38.1         OPTIMAL        9.1493              True                1256251.0   8.8228
crane66_0    5  10    2745438.00     3402.42       2740425.00     0.9130     0.0067    0.9000     2617682.0        10.0         OPTIMAL        4.6890              True                2617682.0   4.6890
crane66_0    8  10    4387645.40     11667.00      4378547.00     1.7960     0.0190    1.7700     4174127.0        5.1          OPTIMAL        4.8973              True                4194580.0   4.3858
crane66_1    2  10    981417.90      5335.08       966234.00      0.4680     0.0042    0.4600     961865.0         4.2          OPTIMAL        0.4542              True                961865.0    0.4542
crane66_1    5  10    2367807.70     5900.72       2354836.00     0.6430     0.0048    0.6400     2277182.0        10.8         OPTIMAL        3.4101              True                2311795.0   1.8618
crane66_1    8  10    4197913.50     14092.86      4177491.00     1.3290     0.0160    1.3100     3979379.0        10.8         OPTIMAL        4.9785              True                4010020.0   4.1763
crane66_2    2  10    1202324.00     0.00          1202324.00     0.4000     0.0067    0.3900     1182704.0        11.1         OPTIMAL        1.6589              True                1182704.0   1.6589
crane66_2    5  10    2715468.40     5525.76       2713721.00     0.7490     0.0074    0.7400     2565899.0        12.3         OPTIMAL        5.7610              True                2568208.0   5.6659
crane66_2    8  10    4383599.40     15377.74      4346896.00     1.6230     0.0430    1.5200     4124869.0        10.2         OPTIMAL        5.3826              True                4183029.0   3.9174
dc112        2  10    3993.00        0.00          3993.00        4.6140     0.0135    4.5900     3993.0           2.4          OPTIMAL        0.0000              False               3993.0      0.0000
dc112        5  10    4242.00        0.00          4242.00        7.0560     0.0640    6.9700     4242.0           18.2         OPTIMAL        0.0000              True                4242.0      0.0000
dc112        8  10    6584.90        3.48          6575.00        12.7660    0.4270    11.8200    6501.0           95.0         OPTIMAL        1.1383              True                6501.0      1.1383
dc126        2  10    6204.00        0.00          6204.00        2.5980     0.0187    2.5600     6204.0           1.2          OPTIMAL        0.0000              False               6281.0      -1.2259
dc126        5  10    14600.10       96.77         14371.00       4.6610     0.1484    4.5200     12595.0          35.7         OPTIMAL        14.1008             True                12752.0     12.6960
dc126        8  10    59042.30       38.90         59030.00       19.8330    0.3905    19.5400    50597.0          235.2        OPTIMAL        16.6670             True                51239.0     15.2052
dc134        2  10    3743.00        0.00          3743.00        16.8860    0.0746    16.8100    3743.0           12.8         OPTIMAL        0.0000              False               3743.0      0.0000
dc134        5  10    3743.00        0.00          3743.00        14.2570    0.0904    14.0900    3743.0           11.4         OPTIMAL        0.0000              False               3743.0      0.0000
dc134        8  10    3807.00        0.00          3807.00        16.8470    0.3770    16.1800    3807.0           23.0         OPTIMAL        0.0000              True                3821.0      -0.3664
dc176        2  10    5496.00        0.00          5496.00        46.9410    0.6053    46.3400    5495.0           137.8        OPTIMAL        0.0182              True                5561.0      -1.1689
dc176        5  10    5495.00        0.00          5495.00        46.2240    0.2225    46.0400    5495.0           111.6        OPTIMAL        0.0000              True                5561.0      -1.1868
dc176        8  10    5625.20        0.42          5625.00        81.5650    0.9156    80.4100    5625.0           71.6         OPTIMAL        0.0000              False               5715.0      -1.5748
dc188        2  10    4562.00        0.00          4562.00        89.7490    3.1501    86.2600    4562.0           51.0         OPTIMAL        0.0000              False               4599.0      -0.8045
dc188        5  10    4562.00        0.00          4562.00        74.9230    2.3308    71.7800    4562.0           36.3         OPTIMAL        0.0000              False               4599.0      -0.8045
dc188        8  10    4608.00        0.00          4608.00        96.7180    1.3021    95.5900    4608.0           90.8         OPTIMAL        0.0000              False               4653.0      -0.9671
ft53         2  10    3063.40        28.67         3009.00        0.2210     0.0032    0.2200     2990.0           1.8          OPTIMAL        0.6355              True                3026.0      -0.5618
ft53         5  10    3725.20        12.41         3698.00        0.4130     0.0048    0.4100     3667.0           3.3          OPTIMAL        0.8454              True                3721.0      -0.6181
ft53         8  10    4977.40        39.21         4965.00        1.1630     0.1297    1.1100     4936.0           3.2          OPTIMAL        0.5875              True                4959.0      0.1210
ft70         2  10    8192.40        7.41          8188.00        0.2400     0.0082    0.2300     8161.0           2.4          OPTIMAL        0.3308              True                15909.0     -48.5323
ft70         5  10    16257.20       74.74         16200.00       0.8280     0.0525    0.7900     15699.0          5.9          OPTIMAL        3.1913              True                25609.0     -36.7410
ft70         8  10    25863.00       0.00          25863.00       2.3200     0.0205    2.3000     25195.0          4.9          OPTIMAL        2.6513              True                25488.0     1.4713
ftv100       2  10    1791.20        21.73         1761.00        17.5250    0.0638    17.4500    1669.0           8.3          OPTIMAL        5.5123              False               1669.0      5.5123
ftv100       5  10    1808.70        21.21         1761.00        18.0980    0.0722    17.9800    1669.0           7.9          OPTIMAL        5.5123              False               1669.0      5.5123
ftv100       8  10    1752.30        56.84         1717.00        19.0800    0.2378    18.8000    1669.0           6.7          OPTIMAL        2.8760              False               1669.0      2.8760
ftv110       2  10    2184.00        0.00          2184.00        16.6370    0.1494    16.3600    1892.0           16.0         OPTIMAL        15.4334             False               1893.0      15.3724
ftv110       5  10    1986.00        0.00          1986.00        19.0650    0.1196    18.8500    1892.0           13.2         OPTIMAL        4.9683              False               1893.0      4.9128
ftv110       8  10    1979.60        7.60          1971.00        25.8880    0.8777    24.7400    1892.0           13.3         OPTIMAL        4.1755              False               1893.0      4.1204
ftv120       2  10    2123.70        2.83          2117.00        33.0070    0.2521    32.6000    1950.0           9.9          OPTIMAL        8.5641              False               1950.0      8.5641
ftv120       5  10    2024.60        0.84          2023.00        35.9700    0.1003    35.8100    1950.0           10.1         OPTIMAL        3.7436              False               1950.0      3.7436
ftv120       8  10    2040.30        20.75         2025.00        34.0620    0.1916    33.7300    1950.0           8.9          OPTIMAL        3.8462              False               1950.0      3.8462
ftv130       2  10    2462.70        0.95          2460.00        31.7190    0.1884    31.3500    2160.0           16.9         OPTIMAL        13.8889             False               2161.0      13.8362
ftv130       5  10    2264.50        31.57         2245.00        40.0610    0.1151    39.8800    2160.0           13.3         OPTIMAL        3.9352              False               2161.0      3.8871
ftv130       8  10    2409.50        1.58          2405.00        43.3590    0.3002    42.6200    2160.0           15.9         OPTIMAL        11.3426             False               2165.0      11.0855
ftv140       2  10    2461.00        0.00          2461.00        49.6220    0.2166    49.2000    2255.0           26.5         OPTIMAL        9.1353              False               2257.0      9.0385
ftv140       5  10    2361.00        5.16          2355.00        62.7800    0.2671    62.2600    2255.0           28.0         OPTIMAL        4.4346              False               2264.0      4.0194
ftv140       8  10    2487.20        16.42         2477.00        63.4090    0.3983    62.7800    2255.0           19.4         OPTIMAL        9.8448              False               2264.0      9.4081
ftv150       2  10    2845.60        9.23          2830.00        76.4100    6.7798    71.9200    2543.0           29.7         OPTIMAL        11.2859             False               2544.0      11.2421
ftv150       5  10    2816.60        7.55          2798.00        99.9120    17.3730   66.9200    2543.0           24.0         OPTIMAL        10.0275             False               2551.0      9.6825
ftv150       8  10    2725.70        7.44          2709.00        82.5920    0.3864    81.9000    2543.0           27.5         OPTIMAL        6.5277              False               2544.0      6.4858
ftv160       2  10    2740.00        12.11         2726.00        90.3040    0.3925    89.8300    2528.0           35.4         OPTIMAL        7.8323              False               2528.0      7.8323
ftv160       5  10    2762.10        11.89         2730.00        94.1740    0.4406    93.2500    2528.0           30.4         OPTIMAL        7.9905              False               2530.0      7.9051
ftv160       8  10    2839.60        1.26          2836.00        93.0290    0.5439    91.9000    2528.0           38.9         OPTIMAL        12.1835             False               2530.0      12.0949
ftv170       2  10    3059.20        42.72         2952.00        106.5110   0.5365    105.9100   2660.0           23.0         OPTIMAL        10.9774             False               2660.0      10.9774
ftv170       5  10    2793.00        0.00          2793.00        112.8830   1.5219    110.3200   2660.0           25.0         OPTIMAL        5.0000              False               2660.0      5.0000
ftv170       8  10    2992.20        28.05         2947.00        153.4050   9.0078    143.9500   2660.0           27.2         OPTIMAL        10.7895             False               2660.0      10.7895
ftv33        2  10    1092.00        0.00          1092.00        0.1330     0.0067    0.1300     1083.0           0.2          OPTIMAL        0.8310              True                1083.0      0.8310
ftv33        5  10    1083.00        0.00          1083.00        0.1970     0.0048    0.1900     1083.0           0.2          OPTIMAL        0.0000              True                1083.0      0.0000
ftv33        8  10    1248.00        0.00          1248.00        0.2170     0.0067    0.2100     1148.0           0.3          OPTIMAL        8.7108              True                1148.0      8.7108
ftv35        2  10    1166.00        0.00          1166.00        0.1440     0.0070    0.1400     1161.0           0.3          OPTIMAL        0.4307              True                1161.0      0.4307
ftv35        5  10    1166.00        0.00          1166.00        0.2180     0.0042    0.2100     1161.0           0.3          OPTIMAL        0.4307              True                1165.0      0.0858
ftv35        8  10    1239.00        0.00          1239.00        0.3310     0.0032    0.3300     1189.0           0.6          OPTIMAL        4.2052              True                1189.0      4.2052
ftv38        2  10    1234.00        0.00          1234.00        0.2960     0.0052    0.2900     1185.0           0.6          OPTIMAL        4.1350              True                1185.0      4.1350
ftv38        5  10    1234.10        0.32          1234.00        0.3420     0.0063    0.3400     1185.0           0.5          OPTIMAL        4.1350              True                1185.0      4.1350
ftv38        8  10    1219.00        0.00          1219.00        0.5360     0.0052    0.5300     1219.0           0.6          OPTIMAL        0.0000              True                1225.0      -0.4898
ftv44        2  10    1274.00        0.00          1274.00        0.3900     0.0067    0.3800     1269.0           0.8          OPTIMAL        0.3940              True                1269.0      0.3940
ftv44        5  10    1269.00        0.00          1269.00        0.6530     0.0067    0.6400     1269.0           0.9          OPTIMAL        0.0000              True                1269.0      0.0000
ftv44        8  10    1339.00        0.00          1339.00        0.7570     0.0082    0.7500     1312.0           1.3          OPTIMAL        2.0579              True                1312.0      2.0579
ftv47        2  10    1480.00        0.00          1480.00        0.3770     0.0067    0.3700     1410.0           0.8          OPTIMAL        4.9645              True                1410.0      4.9645
ftv47        5  10    1424.80        0.63          1423.00        0.5380     0.0042    0.5300     1410.0           0.8          OPTIMAL        0.9220              True                1410.0      0.9220
ftv47        8  10    1454.00        0.00          1454.00        0.8060     0.0107    0.7900     1449.0           1.2          OPTIMAL        0.3451              True                1450.0      0.2759
ftv55        2  10    1632.00        0.00          1632.00        1.5630     0.0116    1.5500     1553.0           1.7          OPTIMAL        5.0869              True                1553.0      5.0869
ftv55        5  10    1595.40        7.59          1581.00        1.5700     0.0115    1.5400     1553.0           1.7          OPTIMAL        1.8030              True                1555.0      1.6720
ftv55        8  10    1585.90        8.25          1568.00        2.1810     0.0197    2.1400     1553.0           2.0          OPTIMAL        0.9659              False               1554.0      0.9009
ftv64        2  10    1583.00        0.00          1583.00        1.7730     0.0206    1.7400     1545.0           1.5          OPTIMAL        2.4595              False               1545.0      2.4595
ftv64        5  10    1601.00        12.91         1586.00        2.3690     0.0173    2.3400     1545.0           1.3          OPTIMAL        2.6537              False               1545.0      2.6537
ftv64        8  10    1688.80        6.96          1669.00        3.2700     0.0648    3.1000     1548.0           2.2          OPTIMAL        7.8165              False               1550.0      7.6774
ftv70        2  10    1669.00        0.00          1669.00        2.4320     0.0169    2.4100     1669.0           2.6          OPTIMAL        0.0000              True                1669.0      0.0000
ftv70        5  10    1697.80        15.18         1669.00        3.0980     0.0199    3.0700     1669.0           2.5          OPTIMAL        0.0000              False               1673.0      -0.2391
ftv70        8  10    1806.30        19.55         1753.00        3.9750     0.3182    3.7100     1716.0           5.3          OPTIMAL        2.1562              True                1716.0      2.1562
ftv80        2  10    1522.00        0.00          1522.00        4.5150     0.0217    4.4800     1376.0           4.0          OPTIMAL        10.6105             False               1376.0      10.6105
ftv80        5  10    1450.80        16.84         1420.00        5.4010     0.4625    5.1500     1376.0           4.1          OPTIMAL        3.1977              False               1380.0      2.8986
ftv80        8  10    1456.00        0.00          1456.00        8.3820     0.0927    8.1300     1376.0           4.3          OPTIMAL        5.8140              False               1376.0      5.8140
ftv90        2  10    1491.00        0.00          1491.00        12.3840    0.0914    12.2500    1452.0           4.5          OPTIMAL        2.6860              False               1452.0      2.6860
ftv90        5  10    1491.00        0.00          1491.00        11.1380    0.0577    11.0600    1452.0           4.8          OPTIMAL        2.6860              False               1452.0      2.6860
ftv90        8  10    1554.90        11.65         1533.00        11.6460    0.0347    11.6000    1452.0           4.6          OPTIMAL        5.5785              False               1452.0      5.5785
kro124       2  10    10212.90       150.76        9990.00        0.8760     0.0084    0.8600     9619.0           21.7         OPTIMAL        3.8569              True                9831.0      1.6173
kro124       5  10    18133.50       68.03         17975.00       2.2280     0.0210    2.1900     16595.0          23.8         OPTIMAL        8.3158              True                16951.0     6.0409
kro124       8  10    26492.90       84.40         26375.00       7.2150     0.9799    5.6700     25036.0          24.8         OPTIMAL        5.3483              True                25607.0     2.9992
p43          2  10    371.00         0.00          371.00         1.2380     0.0063    1.2300     371.0            0.9          OPTIMAL        0.0000              False               371.0       0.0000
p43          5  10    371.00         0.00          371.00         1.1040     0.0052    1.1000     371.0            1.3          OPTIMAL        0.0000              True                371.0       0.0000
p43          8  10    371.00         0.00          371.00         0.6930     0.0067    0.6800     371.0            1.2          OPTIMAL        0.0000              True                371.0       0.0000
rbg323       2  3     1307.00        0.00          1307.00        2204.0867  2.1313    2202.0000  1181.0           30.2         OPTIMAL        10.6689             False               1201.0      8.8260
rbg323       5  3     1317.00        0.00          1317.00        2166.1400  10.6437   2156.5300  1181.0           31.0         OPTIMAL        11.5157             False               1201.0      9.6586
rbg323       8  3     1312.33        5.69          1306.00        1886.2267  24.4804   1865.3500  1181.0           47.2         OPTIMAL        10.5843             False               1198.0      9.0150
rbg358       2  3     1182.00        0.00          1182.00        3707.1533  8.9933    3699.6200  987.0            34.2         OPTIMAL        19.7568             False               990.0       19.3939
rbg358       5  3     1186.00        1.73          1184.00        3715.5500  15.3252   3698.6700  987.0            31.5         OPTIMAL        19.9595             False               997.0       18.7563
rbg358       8  3     1182.33        6.43          1175.00        3201.0167  5.7560    3197.0600  987.0            33.2         OPTIMAL        19.0476             False               990.0       18.6869
rbg403       2  3     2106.00        0.00          2106.00        4708.4900  9.6797    4697.5200  2054.0           49.0         OPTIMAL        2.5316              False               2102.0      0.1903
rbg403       5  3     2107.00        4.58          2102.00        4831.0433  31.3763   4795.5700  2054.0           44.3         OPTIMAL        2.3369              False               2102.0      0.0000
rbg403       8  3     2102.00        2.00          2100.00        5147.6100  14.2052   5132.2700  2054.0           53.4         OPTIMAL        2.2395              False               2092.0      0.3824
rbg443       2  3     2436.33        4.04          2434.00        7737.5033  37.6508   7712.8300  2370.0           74.0         OPTIMAL        2.7004              False               2401.0      1.3744
rbg443       5  3     2434.00        0.00          2434.00        7740.8367  26.1568   7722.8300  2370.0           58.0         OPTIMAL        2.7004              False               2401.0      1.3744
rbg443       8  3     2427.00        12.12         2413.00        7754.1700  31.8990   7732.8300  2370.0           62.0         OPTIMAL        1.8143              False               2401.0      0.4998
ry48p        2  10    4426.00        0.00          4426.00        0.2130     0.0067    0.2100     4426.0           4.9          OPTIMAL        0.0000              True                4430.0      -0.0903
ry48p        5  10    5940.50        74.42         5910.00        0.2870     0.0067    0.2800     5960.0           2.2          OPTIMAL        -0.8389             True                5980.0      -1.1706
ry48p        8  10    9470.40        29.73         9461.00        0.6790     0.0088    0.6700     9461.0           4.0          OPTIMAL        0.0000              True                9471.0      -0.1056
stilt100_0   2  10    2680236.40     11690.73      2666653.00     2.6670     0.0450    2.6000     2500962.0        158.8        OPTIMAL        6.6251              True                2511966.0   6.1580
stilt100_0   5  10    6289811.40     18177.52      6268926.00     4.2500     0.0406    4.1900     5776645.0        161.5        OPTIMAL        8.5219              True                5837877.0   7.3837
stilt100_0   8  10    10722392.50    39099.98      10611112.00    8.4050     0.1496    8.2600     10123158.0       139.0        OPTIMAL        4.8202              True                10300313.0  3.0174
stilt100_1   2  10    2770087.00     0.00          2770087.00     1.7700     0.0200    1.7400     2645205.0        484.0        OPTIMAL        4.7211              True                2672450.0   3.6535
stilt100_1   5  10    6258609.40     20784.11      6225176.00     3.2370     0.0170    3.2000     5820711.0        92.4         OPTIMAL        6.9487              True                5877753.0   5.9108
stilt100_1   8  10    10935936.00    0.00          10935936.00    7.1520     0.0399    7.1100     10066151.0       92.3         OPTIMAL        8.6407              True                10233461.0  6.8645
stilt100_2   2  10    3149024.30     2388.47       3148269.00     1.6390     0.0137    1.6200     2654301.0        139.6        OPTIMAL        18.6101             True                2682171.0   17.3776
stilt100_2   5  10    6408895.80     62789.98      6236538.00     2.7440     0.0246    2.7100     5825292.0        69.2         OPTIMAL        7.0597              True                5912671.0   5.4775
stilt100_2   8  10    10351392.50    56375.24      10253209.00    7.4050     0.0422    7.3400     9619360.0        15.6         OPTIMAL        6.5893              True                9776155.0   4.8798
stilt100_3   2  10    3354124.00     0.00          3354124.00     2.6690     0.0233    2.6300     3327310.0        1272.4       OPTIMAL        0.8059              True                3361248.0   -0.2119
stilt100_3   5  10    6635459.60     31834.13      6560510.00     4.2740     0.0237    4.2500     6395529.0        428.2        OPTIMAL        2.5796              True                6479310.0   1.2532
stilt100_3   8  10    10356350.80    80374.16      10156274.00    6.6860     0.0295    6.6500     9911306.0        82.4         OPTIMAL        2.4716              True                10038170.0  1.1765
stilt100_4   2  10    2674644.00     0.00          2674644.00     2.3590     0.0285    2.3200     2662325.0        82.9         OPTIMAL        0.4627              True                2671643.0   0.1123
stilt100_4   5  10    6350509.00     31079.17      6331207.00     3.7120     0.0565    3.6200     5872971.0        27.5         OPTIMAL        7.8025              True                5908208.0   7.1595
stilt100_4   8  10    11090267.80    49784.64      11018123.00    15.6890    3.0544    11.1000    10235892.0       38.6         OPTIMAL        7.6420              True                10332109.0  6.6396
stilt100_5   2  10    2583405.50     12779.29      2571282.00     2.4560     0.0158    2.4300     2469070.0        78.1         OPTIMAL        4.1397              True                2485118.0   3.4672
stilt100_5   5  10    6635976.70     54397.17      6610429.00     3.6210     0.0137    3.6000     6361876.0        2011.5       OPTIMAL        3.9069              True                6478185.0   2.0414
stilt100_5   8  10    10921036.90    86743.59      10721259.00    9.0470     0.1161    8.8800     10116440.0       28.9         OPTIMAL        5.9786              True                10306629.0  4.0229
stilt100_6   2  10    2817330.00     0.00          2817330.00     2.1760     0.0341    2.1200     2722457.0        508.8        OPTIMAL        3.4848              True                2752676.0   2.3488
stilt100_6   5  10    5858959.60     41934.25      5817686.00     3.7650     0.0395    3.7100     5412361.0        32.1         OPTIMAL        7.4889              True                5476226.0   6.2353
stilt100_6   8  10    9739669.60     39570.85      9627049.00     6.4360     0.0580    6.3000     9297847.0        29.6         OPTIMAL        3.5406              True                9414120.0   2.2618
stilt100_7   2  10    3230787.00     0.00          3230787.00     2.2370     0.0134    2.2100     3088358.0        3374.5       OPTIMAL        4.6118              True                3097931.0   4.2885
stilt100_7   5  10    6274782.20     1753.59       6271455.00     4.1800     0.0231    4.1600     5904767.0        177.3        OPTIMAL        6.2100              True                5935471.0   5.6606
stilt100_7   8  10    11209957.80    25833.28      11136435.00    9.2370     0.1230    9.1100     10386931.0       196.4        OPTIMAL        7.2158              True                10451329.0  6.5552
stilt100_8   2  10    2843007.80     14878.08      2800739.00     2.5390     0.0218    2.4800     2752703.0        1603.3       OPTIMAL        1.7450              True                2765915.0   1.2590
stilt100_8   5  10    5921385.40     20449.26      5863326.00     4.5510     0.0247    4.5100     5649254.0        45.1         OPTIMAL        3.7894              True                5699532.0   2.8738
stilt100_8   8  10    10165491.40    50303.62      10149584.00    9.1250     0.0467    9.0500     9626836.0        27.4         OPTIMAL        5.4301              True                9737544.0   4.2315
stilt100_9   2  10    2634232.20     19980.46      2611017.00     2.0870     0.0287    2.0500     2505203.8        78.4         OPTIMAL        4.2237              True                2529003.0   3.2429
stilt100_9   5  10    6167208.60     1217.69       6166631.00     3.6170     0.0492    3.5600     5933627.0        2435.6       OPTIMAL        3.9268              True                6006610.0   2.6641
stilt100_9   8  10    10779051.50    26753.50      10740282.00    9.1020     0.2393    8.7200     10008040.0       37.7         OPTIMAL        7.3165              True                10166167.0  5.6473
stilt316_10  2  10    4835783.70     45485.25      4821400.00     68.0530    0.5177    66.9900    4181041.0        3600.1       TIME_LIMIT     15.3158             True                4259818.0   13.1832
stilt316_10  5  10    11492537.60    25306.62      11472943.00    190.0370   1.1124    188.7200   9554985.0        3600.2       TIME_LIMIT     20.0729             True                9698770.0   18.2928
stilt316_10  8  10    19052823.60    321749.46     18671808.00    660.6580   2.3231    657.2600   16947870.9       3600.1       TIME_LIMIT     10.1720             True                17928414.0  4.1465
stilt316_11  2  10    5336558.70     59296.95      5190192.00     61.9240    0.6814    60.9200    3980542.0        3600.1       TIME_LIMIT     30.3891             True                4026716.0   28.8939
stilt316_11  5  10    11729627.90    138530.89     11554716.00    172.9820   1.1470    170.6500   10183413.0       3600.1       TIME_LIMIT     13.4660             True                11182455.0  3.3290
stilt316_11  8  10    19095133.60    14321.34      19074380.00    536.2190   13.1322   515.4400   17342434.0       3600.1       TIME_LIMIT     9.9868              True                19059822.0  0.0764
stilt316_12  2  10    4923813.60     3989.95       4921921.00     83.5350    0.5112    82.6800    4017569.0        3600.1       TIME_LIMIT     22.5099             True                4092856.0   20.2564
stilt316_12  5  10    11560847.10    20610.90      11503335.00    210.6070   1.7812    208.8400   10037273.0       3600.8       TIME_LIMIT     14.6062             True                11140562.0  3.2563
stilt316_12  8  10    19114074.20    440849.80     18508206.00    650.0460   21.0398   616.2000   17319585.0       3600.2       TIME_LIMIT     6.8629              True                18612615.0  -0.5610
stilt316_13  2  10    4957906.80     10617.84      4939350.00     54.6910    0.3582    53.9400    4494027.0        3600.1       TIME_LIMIT     9.9092              True                4588059.0   7.6566
stilt316_13  5  10    11363494.90    118895.20     11073803.00    209.6730   0.9714    208.6500   9708041.0        3600.3       TIME_LIMIT     14.0684             True                10581816.0  4.6494
stilt316_13  8  10    18963566.00    150771.40     18767312.00    581.9430   8.7996    565.7700   17686421.0       3600.1       TIME_LIMIT     6.1114              True                18244999.0  2.8628
stilt316_14  2  10    4398559.90     90557.83      4369923.00     61.1000    0.3665    60.5200    3768192.0        3600.1       TIME_LIMIT     15.9687             True                3882977.0   12.5405
stilt316_14  5  10    11140112.70    22383.56      11078651.00    211.9090   1.6086    209.2900   9772605.0        3600.2       TIME_LIMIT     13.3644             True                11648719.0  -4.8938
stilt316_14  8  3     18263300.00    0.00          18263300.00    533.4200   4.0024    529.5000   16510486.0       3600.1       TIME_LIMIT     10.6164             True                18604883.0  -1.8360
stilt316_15  2  10    5113455.00     0.00          5113455.00     57.0560    0.3238    56.5100    4297527.0        3600.1       TIME_LIMIT     18.9860             True                4354395.0   17.4320
stilt316_15  5  3     11668316.67    88988.73      11616939.00    178.5300   4.0665    173.8700   9517006.0        2809.0       OPTIMAL        22.0651             True                10324831.0  12.5146
stilt316_15  8  3     18856314.00    0.00          18856314.00    653.2433   2.1904    651.6000   18039560.0       3600.1       TIME_LIMIT     4.5276              True                19808755.0  -4.8082
stilt316_16  2  5     5087954.60     77678.22      4951935.00     62.0120    0.2887    61.5500    3846876.0        3600.1       TIME_LIMIT     28.7261             True                4193972.0   18.0727
stilt316_16  5  5     11796922.00    0.00          11796922.00    187.4320   1.4210    185.9500   9943708.0        3601.0       TIME_LIMIT     18.6371             True                11922684.0  -1.0548
stilt316_16  8  3     19066278.00    478801.66     18688558.00    578.0033   42.4616   528.9800   17507711.0       3600.1       TIME_LIMIT     6.7447              True                18183724.0  2.7763
stilt316_17  2  5     4975594.00     0.00          4975594.00     59.9280    0.2676    59.6900    4246938.0        3600.1       TIME_LIMIT     17.1572             True                4603918.0   8.0730
stilt316_17  5  5     12225337.60    59708.83      12198635.00    172.8200   7.6083    168.5200   10485151.0       3600.1       TIME_LIMIT     16.3420             True                12932134.0  -5.6719
stilt316_17  8  3     19540726.67    15409.48      19531830.00    571.6667   23.7134   544.3500   17726640.0       3600.3       TIME_LIMIT     10.1835             True                18621782.0  4.8870
stilt316_18  2  5     4647046.20     5083.46       4639710.00     64.0440    0.4542    63.4000    3886928.0        3600.1       TIME_LIMIT     19.3670             True                4459552.0   4.0398
stilt316_18  5  5     11266306.00    17808.05      11234450.00    171.1240   0.8137    170.1500   9495934.0        3600.0       TIME_LIMIT     18.3080             True                11103032.0  1.1836
stilt316_18  8  3     18650252.00    0.00          18650252.00    637.7267   4.3104    632.7500   17355203.0       3600.6       TIME_LIMIT     7.4620              True                18718446.0  -0.3643
stilt316_19  2  5     5085839.80     68031.52      5011315.00     59.4020    0.4342    59.1000    4126067.0        3600.3       TIME_LIMIT     21.4550             True                4429139.0   13.1442
stilt316_19  5  5     11255962.60    40571.74      11183403.00    157.1080   0.1445    156.9300   9789199.0        3601.2       TIME_LIMIT     14.2423             True                10275779.0  8.8327
stilt316_19  8  3     18131664.00    0.00          18131664.00    519.7233   2.3720    517.1100   16419242.0       3600.1       TIME_LIMIT     10.4294             True                18428502.0  -1.6108
td100_1      2  5     37503.00       0.00          37503.00       0.7720     0.0084    0.7600     36509.0          14.2         OPTIMAL        2.7226              True                36960.0     1.4692
td100_1      5  5     87727.60       337.17        87125.00       1.1640     0.0114    1.1500     85987.0          3.9          OPTIMAL        1.3235              True                86909.0     0.2485
td100_1      8  5     158395.80      385.05        157974.00      5.2940     0.0996    5.1800     157727.0         2.1          OPTIMAL        0.1566              False               159743.0    -1.1074
td316_10     2  5     81877.60       162.80        81666.00       17.2460    0.3363    16.8300    76669.0          25.6         OPTIMAL        6.5176              True                76986.0     6.0790
td316_10     5  5     212050.00      692.87        211544.00      77.1600    1.1434    75.8400    201465.0         16.5         OPTIMAL        5.0029              False               204331.0    3.5301
td316_10     8  5     399109.00      639.52        397965.00      317.5900   2.0299    316.0000   387300.0         37.7         OPTIMAL        2.7537              False               395088.0    0.7282
