instance     g  runs  mean_solution  std_solution  best_solution  mean_time  std_time  best_time  gurobi_solution  gurobi_time  gurobi_status  gap_gurobi_percent  faster_than_gurobi  UB          gap_UB_percent
atex1        2  10    1028.00        0.00          1028.00        0.0100     0.0000    0.0100     1028.0           0.2          OPTIMAL        0.0000              True                1028.0      0.0000
atex1        5  10    1597.00        0.00          1597.00        0.0300     0.0000    0.0300     1597.0           0.6          OPTIMAL        0.0000              True                1603.0      -0.3743
atex1        8  10    1597.00        0.00          1597.00        0.0100     0.0000    0.0100     1597.0           0.4          OPTIMAL        0.0000              True                1604.0      -0.4364
atex3        2  10    1580.00        0.00          1580.00        0.0470     0.0048    0.0400     1580.0           0.8          OPTIMAL        0.0000              True                1580.0      0.0000
atex3        5  10    1943.00        0.00          1943.00        0.0720     0.0063    0.0700     1943.0           1.3          OPTIMAL        0.0000              True                1963.0      -1.0188
atex3        8  10    2464.00        0.00          2464.00        0.1770     0.0048    0.1700     2464.0           1.5          OPTIMAL        0.0000              True                2491.0      -1.0839
atex4        2  10    2310.00        0.00          2310.00        0.4200     0.0105    0.4100     2310.0           3.0          OPTIMAL        0.0000              True                2310.0      0.0000
atex4        5  10    2320.00        0.00          2320.00        0.5410     0.0129    0.5200     2320.0           3.3          OPTIMAL        0.0000              True                2310.0      0.4329
atex4        8  10    2503.00        0.00          2503.00        65.9920    0.6196    64.9800    2465.0           8.9          OPTIMAL        1.5416              False               2497.0      0.2403
atex5        2  10    3281.00        0.00          3281.00        0.6950     0.0053    0.6900     3281.0           5.3          OPTIMAL        0.0000              True                3291.0      -0.3039
atex5        5  10    3281.00        0.00          3281.00        0.9020     0.0262    0.8700     3281.0           8.3          OPTIMAL        0.0000              True                3315.0      -1.0256
atex5        8  10    3796.00        40.46         3763.00        2.7600     0.2624    2.5100     3592.0           6.8          OPTIMAL        4.7606              True                3633.0      3.5783
br17         2  10    39.00          0.00          39.00          0.0970     0.0095    0.0900     39.0             0.1          OPTIMAL        0.0000              True                39.0        0.0000
br17         5  10    39.00          0.00          39.00          0.0890     0.0088    0.0800     39.0             0.1          OPTIMAL        0.0000              True                39.0        0.0000
br17         8  10    39.00          0.00          39.00          0.0780     0.0079    0.0600     39.0             0.2          OPTIMAL        0.0000              True                39.0        0.0000
code198      2  10    842.00         0.00          842.00         274.8240   0.7594    273.7900   842.0            13.0         OPTIMAL        0.0000              False               861.0       -2.2067
code198      5  10    842.00         0.00          842.00         256.0500   0.5629    254.9900   842.0            13.4         OPTIMAL        0.0000              False               861.0       -2.2067
code198      8  10    842.00         0.00          842.00         158.3380   0.8759    156.7300   842.0            13.7         OPTIMAL        0.0000              False               861.0       -2.2067
code253      2  10    6263.00        0.00          6263.00        122.7030   0.2751    122.2900   6263.0           25.4         OPTIMAL        0.0000              False               6417.0      -2.3999
code253      5  10    6263.00        0.00          6263.00        93.9810    0.3385    93.5500    6263.0           23.1         OPTIMAL        0.0000              False               6417.0      -2.3999
code253      8  10    27347.00       879.11        25679.00       227.2220   1.6676    225.0800   23069.0          314.8        OPTIMAL        11.3139             True                23709.0     8.3091
crane100_0   2  10    1521048.40     3118.85       1519569.00     0.7270     0.0106    0.7200     1519569.0        120.9        OPTIMAL        0.0000              True                1539931.0   -1.3223
crane100_0   5  10    3295827.30     19987.33      3280360.00     2.0940     0.0184    2.0800     3119565.0        53.7         OPTIMAL        5.1544              True                3164486.0   3.6617
crane100_0   8  10    5426134.30     26462.33      5387962.00     6.6300     0.2118    6.5000     5193803.0        56.6         OPTIMAL        3.7383              True                5276384.0   2.1147
crane100_1   2  10    1029922.00     0.00          1029922.00     0.8890     0.0120    0.8700     1028512.0        16.9         OPTIMAL        0.1371              True                1032523.0   -0.2519
crane100_1   5  10    2867383.60     34447.20      2827722.00     2.1100     0.0306    2.0900     2587915.7        58.0         OPTIMAL        9.2664              True                2603184.0   8.6255
crane100_1   8  10    4831808.90     9394.81       4828838.00     6.0610     0.0569    5.9900     4696089.0        36.4         OPTIMAL        2.8268              True                4734596.0   1.9905
crane100_2   2  10    1349023.00     0.00          1349023.00     0.8980     0.0140    0.8800     1318394.0        44.0         OPTIMAL        2.3232              True                1330918.0   1.3603
crane100_2   5  10    2978580.90     22675.93      2961251.00     1.8800     0.0249    1.8500     2843409.0        24.3         OPTIMAL        4.1444              True                2880373.0   2.8079
crane100_2   8  10    5317905.70     28177.37      5257948.00     6.3890     0.2020    6.1700     5020301.0        60.1         OPTIMAL        4.7337              True                5101127.0   3.0742
crane100_3   2  10    1536135.00     23625.27      1524971.00     1.2950     0.0158    1.2700     1378011.0        77.4         OPTIMAL        10.6646             True                1383523.0   10.2238
crane100_3   5  10    2942805.30     18801.95      2889294.00     2.9260     0.0324    2.8500     2751209.0        37.2         OPTIMAL        5.0191              True                2791376.0   3.5079
crane100_3   8  10    4974923.70     37151.01      4903089.00     6.4180     0.1782    6.3100     4623169.0        25.1         OPTIMAL        6.0547              True                4701300.0   4.2922
crane100_4   2  10    1203034.00     0.00          1203034.00     1.1340     0.0107    1.1200     1203034.0        17.6         OPTIMAL        0.0000              True                1214944.0   -0.9803
crane100_4   5  10    2951774.00     0.00          2951774.00     1.9690     0.0185    1.9400     2929798.0        49.9         OPTIMAL        0.7501              True                2967592.0   -0.5330
crane100_4   8  10    5179720.30     59021.00      5086298.00     6.3540     0.2298    6.1600     4984399.0        69.3         OPTIMAL        2.0444              True                5066143.0   0.3978
crane100_5   2  10    1267277.00     0.00          1267277.00     1.2440     0.0143    1.2300     1211265.0        48.3         OPTIMAL        4.6243              True                1223983.0   3.5371
crane100_5   5  10    3014308.00     10007.55      3004814.00     2.7300     0.0216    2.6900     2756499.0        18.6         OPTIMAL        9.0083              True                2756499.0   9.0083
crane100_5   8  10    5569006.60     41888.79      5449789.00     8.7140     0.1019    8.4600     5157956.0        28.3         OPTIMAL        5.6579              True                5181831.0   5.1711
crane100_6   2  10    1026234.00     0.00          1026234.00     1.1300     0.0082    1.1200     1026234.0        33.3         OPTIMAL        0.0000              True                1026234.0   0.0000
crane100_6   5  10    2322559.10     3295.41       2321517.00     1.7790     0.0120    1.7600     2307968.0        19.5         OPTIMAL        0.5871              True                2318584.0   0.1265
crane100_6   8  10    4310924.00     30229.62      4279714.00     7.0520     0.0434    6.9900     4107742.0        10.7         OPTIMAL        4.1865              True                4138550.0   3.4110
crane100_7   2  10    1336728.00     0.00          1336728.00     1.1000     0.0200    1.0700     1240795.0        30.6         OPTIMAL        7.7316              True                1240795.0   7.7316
crane100_7   5  10    2750771.00     0.00          2750771.00     2.0380     0.0193    2.0100     2626015.0        13.8         OPTIMAL        4.7508              True                2626015.0   4.7508
crane100_7   8  10    4823103.60     78563.55      4774311.00     6.3610     0.0378    6.2800     4457398.0        10.4         OPTIMAL        7.1098              True                4492429.0   6.2746
crane100_8   2  10    1408022.00     0.00          1408022.00     1.1480     0.0063    1.1400     1408021.8        55.1         OPTIMAL        0.0000              True                1426185.0   -1.2735
crane100_8   5  10    3410129.90     20734.74      3403573.00     2.5590     0.0208    2.5200     3056879.0        19.3         OPTIMAL        11.3414             True                3100592.0   9.7717
crane100_8   8  10    5002975.10     54181.29      4913055.00     7.8740     0.0564    7.7700     4819808.0        9.5          OPTIMAL        1.9347              True                4891623.0   0.4381
crane100_9   2  10    1362170.60     27461.35      1331873.00     1.1650     0.0143    1.1500     1255841.0        280.2        OPTIMAL        6.0543              True                1268022.0   5.0355
crane100_9   5  10    3011112.10     20051.34      2959683.00     2.2830     0.0183    2.2500     2807391.0        223.8        OPTIMAL        5.4247              True                2853993.0   3.7032
crane100_9   8  10    4786827.50     52894.96      4699243.00     5.5960     0.0572    5.5100     4561415.0        54.4         OPTIMAL        3.0216              True                4646713.0   1.1305
crane316_10  2  10    1939133.50     20087.81      1912754.00     33.9680    0.1657    33.6400    1792393.0        1489.9       OPTIMAL        6.7151              True                1805731.0   5.9269
crane316_10  5  10    5140042.00     3188.10       5138062.00     117.7580   0.8348    116.2800   4423414.0        1423.1       OPTIMAL        16.1560             True                4912604.0   4.5894
crane316_10  8  10    8861960.60     151975.87     8622708.00     437.2740   7.9450    428.0700   7839559.0        1522.0       OPTIMAL        9.9897              True                8451199.0   2.0294
crane316_11  2  10    2257112.60     48133.78      2158468.00     29.2400    0.2484    28.9400    1806858.0        3600.2       TIME_LIMIT     19.4597             True                1818963.0   18.6648
crane316_11  5  10    5473798.80     75188.03      5364841.00     99.4520    0.6368    98.7200    4547174.0        1048.4       OPTIMAL        17.9819             True                4589917.0   16.8832
crane316_11  8  10    9024926.80     43502.99      8923644.00     420.6040   10.3074   413.5200   8003282.0        2163.5       OPTIMAL        11.4998             True                8082514.0   10.4068
crane316_12  2  10    2303228.80     21430.48      2293098.00     39.1060    0.1933    38.8800    1971472.0        3600.4       TIME_LIMIT     16.3140             True                1968055.0   16.5160
crane316_12  5  10    5103020.90     89196.07      5026487.00     110.4400   0.7537    109.3700   4501234.0        3607.5       TIME_LIMIT     11.6691             True                5016467.0   0.1997
crane316_12  8  10    8578878.70     27671.41      8554986.00     432.7270   6.1241    423.0900   7726334.0        2722.4       OPTIMAL        10.7250             True                8102996.0   5.5781
crane316_13  2  10    2051302.20     38633.56      1968133.00     37.1440    0.1554    36.8900    1724803.0        3600.2       TIME_LIMIT     14.1077             True                1826437.0   7.7581
crane316_13  5  10    4948380.60     16304.64      4917560.00     107.7480   0.5006    107.2300   4209269.0        1329.2       OPTIMAL        16.8269             True                4752664.0   3.4695
crane316_13  8  10    8536196.30     1637.11       8531537.00     426.9200   4.4118    423.2500   7440831.0        1313.4       OPTIMAL        14.6584             True                7546490.0   13.0530
crane316_14  2  10    1940931.50     6066.83       1935176.00     40.8470    0.1791    40.5700    1690461.0        3600.1       TIME_LIMIT     14.4762             True                1737346.0   11.3869
crane316_14  5  10    4685718.00     74124.15      4640497.00     114.7280   1.0142    112.9000   4298748.0        3600.1       TIME_LIMIT     7.9500              True                4301355.0   7.8845
crane316_14  8  10    8514549.20     47717.60      8454255.00     421.7290   19.6450   396.9600   7705981.0        3544.7       OPTIMAL        9.7103              True                8364969.0   1.0674
crane316_15  2  10    2207355.40     19735.20      2158462.00     32.9540    0.1646    32.7300    1859953.0        3604.5       TIME_LIMIT     16.0493             True                1986257.0   8.6698
crane316_15  5  10    5518155.70     38857.38      5444930.00     101.7030   0.3936    101.0600   4534538.0        3600.2       TIME_LIMIT     20.0768             True                4689805.0   16.1014
crane316_15  8  10    9125478.10     56104.16      9048395.00     502.8420   28.6502   468.0700   7881871.0        1634.3       OPTIMAL        14.8001             True                8009557.0   12.9700
crane316_16  2  10    2266383.40     32374.84      2243626.00     38.4660    0.4537    37.9100    1713861.9        3600.1       TIME_LIMIT     30.9105             True                1746193.0   28.4867
crane316_16  5  10    5437212.20     99580.95      5268755.00     123.7580   0.7626    122.3600   4645820.0        3600.3       TIME_LIMIT     13.4085             True                5155626.0   2.1943
crane316_16  8  10    8955176.60     96477.72      8772123.00     526.5110   6.3047    520.6300   8032853.0        3600.1       TIME_LIMIT     9.2031              True                8991853.0   -2.4437
crane316_17  2  10    2117154.50     21859.24      2096417.00     39.7530    0.1942    39.3900    1812199.0        3600.1       TIME_LIMIT     15.6836             True                1829052.0   14.6177
crane316_17  5  10    5455894.60     50415.72      5322257.00     104.9340   0.3344    104.4100   4642919.9        3177.8       OPTIMAL        14.6317             True                5449079.0   -2.3274
crane316_17  8  10    9573078.30     8371.50       9570431.00     458.5070   3.6188    450.1700   8412189.3        3600.1       TIME_LIMIT     13.7686             True                8863450.0   7.9764
crane316_18  2  10    2084168.40     36027.02      1981751.00     36.8310    0.2784    36.6100    1705860.0        3600.1       TIME_LIMIT     16.1731             True                1680097.0   17.9546
crane316_18  5  10    5175978.70     52507.43      5135354.00     108.6160   0.9149    107.2800   4241740.0        1465.2       OPTIMAL        21.0672             True                4276098.0   20.0944
crane316_18  8  10    9031498.60     24566.90      8962038.00     447.5370   7.6518    441.7500   7978220.0        3600.1       TIME_LIMIT     12.3313             True                8267273.0   8.4038
crane316_19  2  10    1772415.30     22295.87      1721104.00     29.1200    0.1464    28.9000    1567089.0        2284.8       OPTIMAL        9.8281              True                1575864.0   9.2165
crane316_19  5  10    4901685.00     43110.70      4852387.00     91.2910    0.4795    90.4100    4272261.0        1872.4       OPTIMAL        13.5789             True                4322582.0   12.2567
crane316_19  8  10    8915697.00     0.00          8915697.00     434.6960   2.2201    431.7900   7902226.0        3600.0       TIME_LIMIT     12.8251             True                8236771.0   8.2426
crane66_0    2  10    1269849.00     0.00          1269849.00     0.3870     0.0134    0.3700     1252494.0        38.1         OPTIMAL        1.3856              True                1256251.0   1.0824
crane66_0    5  10    2687500.00     0.00          2687500.00     0.7260     0.0143    0.7100     2617682.0        10.0         OPTIMAL        2.6672              True                2617682.0   2.6672
crane66_0    8  10    4357958.50     6366.19       4351919.00     1.4570     0.0527    1.4000     4174127.0        5.1          OPTIMAL        4.2594              True                4194580.0   3.7510
crane66_1    2  10    961865.00      0.00          961865.00      0.3860     0.0135    0.3700     961865.0         4.2          OPTIMAL        0.0000              True                961865.0    0.0000
crane66_1    5  10    2303060.80     1488.80       2300236.00     0.6160     0.0107    0.6000     2277182.0        10.8         OPTIMAL        1.0124              True                2311795.0   -0.5000
crane66_1    8  10    4146192.20     14262.27      4114916.00     1.2710     0.0152    1.2400     3979379.0        10.8         OPTIMAL        3.4060              True                4010020.0   2.6158
crane66_2    2  10    1182704.00     0.00          1182704.00     0.2610     0.0099    0.2500     1182704.0        11.1         OPTIMAL        0.0000              True                1182704.0   0.0000
crane66_2    5  10    2718229.00     25237.24      2646411.00     0.7440     0.0097    0.7300     2565899.0        12.3         OPTIMAL        3.1378              True                2568208.0   3.0450
crane66_2    8  10    4144910.00     0.00          4144910.00     1.5590     0.0269    1.5200     4124869.0        10.2         OPTIMAL        0.4859              True                4183029.0   -0.9113
dc112        2  10    3993.00        0.00          3993.00        4.2670     0.0206    4.2400     3993.0           2.4          OPTIMAL        0.0000              False               3993.0      0.0000
dc112        5  10    4242.00        0.00          4242.00        2.1100     0.0183    2.0900     4242.0           18.2         OPTIMAL        0.0000              True                4242.0      0.0000
dc112        8  10    6501.00        0.00          6501.00        8.7500     0.6608    7.6700     6501.0           95.0         OPTIMAL        0.0000              True                6501.0      0.0000
dc126        2  10    6204.00        0.00          6204.00        0.9220     0.0103    0.9100     6204.0           1.2          OPTIMAL        0.0000              True                6281.0      -1.2259
dc126        5  10    12601.00       0.00          12601.00       11.7070    11.3049   7.1700     12595.0          35.7         OPTIMAL        0.0476              True                12752.0     -1.1841
dc126        8  10    50697.90       15.67         50677.00       85.8960    0.7112    84.5500    50597.0          235.2        OPTIMAL        0.1581              True                51239.0     -1.0968
dc134        2  10    3743.00        0.00          3743.00        17.3490    0.0567    17.2800    3743.0           12.8         OPTIMAL        0.0000              False               3743.0      0.0000
dc134        5  10    3743.00        0.00          3743.00        13.1990    0.0498    13.1200    3743.0           11.4         OPTIMAL        0.0000              False               3743.0      0.0000
dc134        8  10    3807.00        0.00          3807.00        6.0330     0.1945    5.8600     3807.0           23.0         OPTIMAL        0.0000              True                3821.0      -0.3664
dc176        2  10    5496.00        0.00          5496.00        48.2760    0.2376    48.1000    5495.0           137.8        OPTIMAL        0.0182              True                5561.0      -1.1689
dc176        5  10    5495.90        0.32          5495.00        38.6960    0.2395    38.4400    5495.0           111.6        OPTIMAL        0.0000              True                5561.0      -1.1868
dc176        8  10    5625.00        0.00          5625.00        37.5810    0.6810    36.2100    5625.0           71.6         OPTIMAL        0.0000              True                5715.0      -1.5748
dc188        2  10    4562.00        0.00          4562.00        84.4440    0.7158    83.4900    4562.0           51.0         OPTIMAL        0.0000              False               4599.0      -0.8045
dc188        5  10    4562.00        0.00          4562.00        70.9680    0.4754    70.3000    4562.0           36.3         OPTIMAL        0.0000              False               4599.0      -0.8045
dc188        8  10    4608.00        0.00          4608.00        28.6100    0.9966    27.6500    4608.0           90.8         OPTIMAL        0.0000              True                4653.0      -0.9671
ft53         2  10    2990.00        0.00          2990.00        0.1250     0.0053    0.1200     2990.0           1.8          OPTIMAL        0.0000              True                3026.0      -1.1897
ft53         5  10    3667.00        0.00          3667.00        0.2930     0.0116    0.2800     3667.0           3.3          OPTIMAL        0.0000              True                3721.0      -1.4512
ft53         8  10    5029.40        44.44         4965.00        0.8660     0.0222    0.8400     4936.0           3.2          OPTIMAL        0.5875              True                4959.0      0.1210
ft70         2  10    8161.00        0.00          8161.00        0.2810     0.0032    0.2800     8161.0           2.4          OPTIMAL        0.0000              True                15909.0     -48.7020
ft70         5  10    15787.90       40.01         15718.00       0.3170     0.0134    0.2900     15699.0          5.9          OPTIMAL        0.1210              True                25609.0     -38.6231
ft70         8  10    25456.00       0.00          25456.00       1.5890     0.0088    1.5800     25195.0          4.9          OPTIMAL        1.0359              True                25488.0     -0.1255
ftv100       2  10    1698.90        4.43          1692.00        20.1750    0.1030    19.9400    1669.0           8.3          OPTIMAL        1.3781              False               1669.0      1.3781
ftv100       5  10    1709.20        12.35         1701.00        21.4860    0.1766    21.3300    1669.0           7.9          OPTIMAL        1.9173              False               1669.0      1.9173
ftv100       8  10    1761.50        19.50         1743.00        18.0980    0.0957    17.9700    1669.0           6.7          OPTIMAL        4.4338              False               1669.0      4.4338
ftv110       2  10    1963.00        0.00          1963.00        22.1140    0.1859    21.9100    1892.0           16.0         OPTIMAL        3.7526              False               1893.0      3.6978
ftv110       5  10    1943.70        22.89         1922.00        26.4520    0.3208    26.0300    1892.0           13.2         OPTIMAL        1.5856              False               1893.0      1.5320
ftv110       8  10    2007.00        25.15         1958.00        25.5230    0.2453    25.1500    1892.0           13.3         OPTIMAL        3.4884              False               1893.0      3.4337
ftv120       2  10    2055.90        18.89         2025.00        33.1320    0.2219    32.8000    1950.0           9.9          OPTIMAL        3.8462              False               1950.0      3.8462
ftv120       5  10    2032.20        18.85         2012.00        36.7910    0.1433    36.5300    1950.0           10.1         OPTIMAL        3.1795              False               1950.0      3.1795
ftv120       8  10    2085.70        87.31         2007.00        30.9410    0.3351    30.4600    1950.0           8.9          OPTIMAL        2.9231              False               1950.0      2.9231
ftv130       2  10    2277.90        0.32          2277.00        41.0890    0.2577    40.6900    2160.0           16.9         OPTIMAL        5.4167              False               2161.0      5.3679
ftv130       5  10    2303.00        11.73         2281.00        49.7180    0.2547    49.2200    2160.0           13.3         OPTIMAL        5.6019              False               2161.0      5.5530
ftv130       8  10    2295.80        45.29         2275.00        36.0200    0.7451    35.2800    2160.0           15.9         OPTIMAL        5.3241              False               2165.0      5.0808
ftv140       2  10    2382.10        7.96          2371.00        59.8140    0.3590    59.1100    2255.0           26.5         OPTIMAL        5.1441              False               2257.0      5.0510
ftv140       5  10    2390.00        22.26         2348.00        68.7950    0.2996    68.3100    2255.0           28.0         OPTIMAL        4.1242              False               2264.0      3.7102
ftv140       8  10    2445.80        37.51         2391.00        57.5050    2.8610    54.7900    2255.0           19.4         OPTIMAL        6.0310              False               2264.0      5.6095
ftv150       2  10    2657.20        42.42         2620.00        77.0800    0.4743    76.3600    2543.0           29.7         OPTIMAL        3.0279              False               2544.0      2.9874
ftv150       5  10    2697.60        16.46         2676.00        89.9030    0.7996    88.8400    2543.0           24.0         OPTIMAL        5.2300              False               2551.0      4.9000
ftv150       8  10    2780.80        13.75         2748.00        86.6840    3.3403    82.8300    2543.0           27.5         OPTIMAL        8.0613              False               2544.0      8.0189
ftv160       2  10    2694.30        24.23         2672.00        95.8560    0.5024    94.7600    2528.0           35.4         OPTIMAL        5.6962              False               2528.0      5.6962
ftv160       5  10    2706.20        44.34         2614.00        119.0580   8.7358    111.8400   2528.0           30.4         OPTIMAL        3.4019              False               2530.0      3.3202
ftv160       8  10    2768.00        22.65         2716.00        97.8500    0.9974    96.7500    2528.0           38.9         OPTIMAL        7.4367              False               2530.0      7.3518
ftv170       2  10    2929.80        25.94         2897.00        124.6600   1.7085    122.5400   2660.0           23.0         OPTIMAL        8.9098              False               2660.0      8.9098
ftv170       5  10    2920.90        16.03         2901.00        152.9960   1.8059    150.7600   2660.0           25.0         OPTIMAL        9.0602              False               2660.0      9.0602
ftv170       8  10    3004.00        18.97         2995.00        136.1060   1.4082    132.9700   2660.0           27.2         OPTIMAL        12.5940             False               2660.0      12.5940
ftv33        2  10    1083.00        0.00          1083.00        0.1680     0.0103    0.1500     1083.0           0.2          OPTIMAL        0.0000              True                1083.0      0.0000
ftv33        5  10    1083.00        0.00          1083.00        0.2070     0.0067    0.1900     1083.0           0.2          OPTIMAL        0.0000              False               1083.0      0.0000
ftv33        8  10    1166.50        7.25          1162.00        0.2800     0.0105    0.2700     1148.0           0.3          OPTIMAL        1.2195              True                1148.0      1.2195
ftv35        2  10    1161.00        0.00          1161.00        0.1710     0.0088    0.1600     1161.0           0.3          OPTIMAL        0.0000              True                1161.0      0.0000
ftv35        5  10    1161.00        0.00          1161.00        0.2380     0.0103    0.2300     1161.0           0.3          OPTIMAL        0.0000              True                1165.0      -0.3433
ftv35        8  10    1189.00        0.00          1189.00        0.2250     0.0085    0.2100     1189.0           0.6          OPTIMAL        0.0000              True                1189.0      0.0000
ftv38        2  10    1185.00        0.00          1185.00        0.3130     0.0095    0.3000     1185.0           0.6          OPTIMAL        0.0000              True                1185.0      0.0000
ftv38        5  10    1194.20        12.60         1185.00        0.2270     0.0095    0.2100     1185.0           0.5          OPTIMAL        0.0000              True                1185.0      0.0000
ftv38        8  10    1239.00        0.00          1239.00        0.2900     0.0105    0.2700     1219.0           0.6          OPTIMAL        1.6407              True                1225.0      1.1429
ftv44        2  10    1274.00        0.00          1274.00        0.4110     0.0110    0.4000     1269.0           0.8          OPTIMAL        0.3940              True                1269.0      0.3940
ftv44        5  10    1270.50        2.42          1269.00        0.5270     0.0116    0.5100     1269.0           0.9          OPTIMAL        0.0000              True                1269.0      0.0000
ftv44        8  10    1365.20        10.12         1362.00        0.8150     0.0453    0.7900     1312.0           1.3          OPTIMAL        3.8110              True                1312.0      3.8110
ftv47        2  10    1419.60        3.41          1415.00        0.4650     0.0097    0.4500     1410.0           0.8          OPTIMAL        0.3546              True                1410.0      0.3546
ftv47        5  10    1424.30        3.09          1421.00        0.5820     0.0079    0.5700     1410.0           0.8          OPTIMAL        0.7801              True                1410.0      0.7801
ftv47        8  10    1471.00        2.58          1468.00        0.6400     0.0115    0.6300     1449.0           1.2          OPTIMAL        1.3112              True                1450.0      1.2414
ftv55        2  10    1581.90        7.99          1568.00        1.4810     0.0137    1.4600     1553.0           1.7          OPTIMAL        0.9659              True                1553.0      0.9659
ftv55        5  10    1574.60        7.69          1558.00        1.8050     0.0268    1.7700     1553.0           1.7          OPTIMAL        0.3220              False               1555.0      0.1929
ftv55        8  10    1570.70        4.35          1568.00        1.5140     0.0190    1.4900     1553.0           2.0          OPTIMAL        0.9659              True                1554.0      0.9009
ftv64        2  10    1572.70        20.01         1556.00        2.0200     0.0313    1.9800     1545.0           1.5          OPTIMAL        0.7120              False               1545.0      0.7120
ftv64        5  10    1586.80        20.12         1545.00        2.0690     0.0296    2.0400     1545.0           1.3          OPTIMAL        0.0000              False               1545.0      0.0000
ftv64        8  10    1694.90        1.45          1694.00        1.7870     0.0254    1.7500     1548.0           2.2          OPTIMAL        9.4315              True                1550.0      9.2903
ftv70        2  10    1681.40        13.09         1669.00        2.6630     0.0226    2.6400     1669.0           2.6          OPTIMAL        0.0000              False               1669.0      0.0000
ftv70        5  10    1671.40        7.59          1669.00        2.7600     0.0333    2.7100     1669.0           2.5          OPTIMAL        0.0000              False               1673.0      -0.2391
ftv70        8  10    1747.00        0.00          1747.00        7.2040     0.3972    6.8900     1716.0           5.3          OPTIMAL        1.8065              False               1716.0      1.8065
ftv80        2  10    1381.90        6.64          1376.00        6.0330     0.0510    5.9400     1376.0           4.0          OPTIMAL        0.0000              False               1376.0      0.0000
ftv80        5  10    1376.00        0.00          1376.00        7.6390     0.0486    7.5700     1376.0           4.1          OPTIMAL        0.0000              False               1380.0      -0.2899
ftv80        8  10    1397.80        1.93          1395.00        6.3420     0.1711    6.0900     1376.0           4.3          OPTIMAL        1.3808              False               1376.0      1.3808
ftv90        2  10    1459.20        3.79          1452.00        11.8520    0.0529    11.8100    1452.0           4.5          OPTIMAL        0.0000              False               1452.0      0.0000
ftv90        5  10    1495.20        21.04         1461.00        12.6660    0.0980    12.5300    1452.0           4.8          OPTIMAL        0.6198              False               1452.0      0.6198
ftv90        8  10    1533.50        49.24         1474.00        9.9820     0.0887    9.8400     1452.0           4.6          OPTIMAL        1.5152              False               1452.0      1.5152
kro124       2  10    9748.10        38.26         9736.00        0.9460     0.0097    0.9300     9619.0           21.7         OPTIMAL        1.2163              True                9831.0      -0.9663
kro124       5  10    17621.00       156.33        17302.00       1.3310     0.0137    1.3100     16595.0          23.8         OPTIMAL        4.2603              True                16951.0     2.0707
kro124       8  10    25220.00       106.46        25119.00       4.0910     0.0363    4.0400     25036.0          24.8         OPTIMAL        0.3315              True                25607.0     -1.9057
p43          2  10    371.00         0.00          371.00         1.2520     0.0103    1.2400     371.0            0.9          OPTIMAL        0.0000              False               371.0       0.0000
p43          5  10    371.00         0.00          371.00         1.0440     0.0107    1.0300     371.0            1.3          OPTIMAL        0.0000              True                371.0       0.0000
p43          8  10    371.00         0.00          371.00         0.5610     0.0099    0.5400     371.0            1.2          OPTIMAL        0.0000              True                371.0       0.0000
rbg323       2  10    1292.60        1.90          1292.00        2289.4890  5.4194    2280.4000  1181.0           30.2         OPTIMAL        9.3988              False               1201.0      7.5770
rbg323       5  10    1290.00        7.83          1281.00        2342.2960  21.0458   2321.8600  1181.0           31.0         OPTIMAL        8.4674              False               1201.0      6.6611
rbg323       8  10    1274.20        7.47          1254.00        1718.0380  11.6454   1706.5000  1181.0           47.2         OPTIMAL        6.1812              False               1198.0      4.6745
rbg358       2  3     1166.67        5.77          1160.00        3812.1400  2.8871    3809.0000  987.0            34.2         OPTIMAL        17.5279             False               990.0       17.1717
rbg358       5  3     1155.33        8.08          1146.00        3964.6767  11.2748   3951.8100  987.0            31.5         OPTIMAL        16.1094             False               997.0       14.9448
rbg358       8  10    1116.90        5.15          1109.00        2914.9530  18.7062   2882.8200  987.0            33.2         OPTIMAL        12.3607             False               990.0       12.0202
rbg403       2  3     2101.67        2.89          2100.00        4909.7933  4.7181    4904.4100  2054.0           49.0         OPTIMAL        2.2395              False               2102.0      -0.0951
rbg403       5  3     2100.00        2.65          2097.00        5218.4067  41.0167   5187.3800  2054.0           44.3         OPTIMAL        2.0935              False               2102.0      -0.2379
rbg403       8  3     2083.33        4.04          2079.00        4263.9933  25.3621   4244.6600  2054.0           53.4         OPTIMAL        1.2171              False               2092.0      -0.6214
rbg443       2  3     2431.00        4.36          2428.00        7891.6833  33.7635   7852.7600  2370.0           74.0         OPTIMAL        2.4473              False               2401.0      1.1245
rbg443       5  3     2408.33        5.69          2402.00        8227.0267  53.6101   8165.2900  2370.0           58.0         OPTIMAL        1.3502              False               2401.0      0.0416
rbg443       8  3     2400.67        2.31          2398.00        6842.8933  9.5015    6834.6600  2370.0           62.0         OPTIMAL        1.1814              False               2401.0      -0.1249
ry48p        2  10    4426.00        0.00          4426.00        0.0890     0.0088    0.0800     4426.0           4.9          OPTIMAL        0.0000              True                4430.0      -0.0903
ry48p        5  10    5910.00        0.00          5910.00        0.2170     0.0082    0.2100     5960.0           2.2          OPTIMAL        -0.8389             True                5980.0      -1.1706
ry48p        8  10    9482.60        34.78         9461.00        0.4850     0.0143    0.4700     9461.0           4.0          OPTIMAL        0.0000              True                9471.0      -0.1056
stilt100_0   2  10    2500962.00     0.00          2500962.00     2.0030     0.0206    1.9800     2500962.0        158.8        OPTIMAL        0.0000              True                2511966.0   -0.4381
stilt100_0   5  10    5992363.20     111139.54     5863242.00     2.9050     0.0246    2.8600     5776645.0        161.5        OPTIMAL        1.4991              True                5837877.0   0.4345
stilt100_0   8  10    10657476.20    6307.50       10647274.00    10.0700    0.7798    9.6100     10123158.0       139.0        OPTIMAL        5.1774              True                10300313.0  3.3685
stilt100_1   2  10    2856008.30     6061.27       2851730.00     1.6760     0.0165    1.6500     2645205.0        484.0        OPTIMAL        7.8075              True                2672450.0   6.7085
stilt100_1   5  10    6140493.50     48409.31      6072789.00     3.1360     0.0378    3.0900     5820711.0        92.4         OPTIMAL        4.3307              True                5877753.0   3.3182
stilt100_1   8  10    10551676.60    74707.21      10514632.00    9.2540     1.0117    7.7600     10066151.0       92.3         OPTIMAL        4.4553              True                10233461.0  2.7476
stilt100_2   2  10    3140176.10     6292.40       3134381.00     1.7390     0.0137    1.7200     2654301.0        139.6        OPTIMAL        18.0869             True                2682171.0   16.8598
stilt100_2   5  10    6098874.20     17680.65      6069690.00     2.2210     0.0300    2.1800     5825292.0        69.2         OPTIMAL        4.1955              True                5912671.0   2.6556
stilt100_2   8  10    10101529.30    100522.45     9952670.00     6.2740     0.0728    6.1200     9619360.0        15.6         OPTIMAL        3.4650              True                9776155.0   1.8056
stilt100_3   2  10    3408622.60     29083.88      3360119.00     2.9690     0.0628    2.9000     3327310.0        1272.4       OPTIMAL        0.9861              True                3361248.0   -0.0336
stilt100_3   5  10    6596645.00     0.00          6596645.00     4.1100     0.0400    4.0600     6395529.0        428.2        OPTIMAL        3.1446              True                6479310.0   1.8109
stilt100_3   8  10    10188089.40    39217.30      10076475.00    6.8750     0.0712    6.7500     9911306.0        82.4         OPTIMAL        1.6665              True                10038170.0  0.3816
stilt100_4   2  10    2662325.00     0.00          2662325.00     1.9550     0.0108    1.9400     2662325.0        82.9         OPTIMAL        0.0000              True                2671643.0   -0.3488
stilt100_4   5  10    5944980.00     0.00          5944980.00     3.1260     0.0420    3.0700     5872971.0        27.5         OPTIMAL        1.2261              True                5908208.0   0.6224
stilt100_4   8  10    10589060.60    165481.90     10434239.00    8.3320     0.4509    7.8500     10235892.0       38.6         OPTIMAL        1.9378              True                10332109.0  0.9885
stilt100_5   2  10    2469070.00     0.00          2469070.00     1.9230     0.0134    1.9000     2469070.0        78.1         OPTIMAL        0.0000              True                2485118.0   -0.6458
stilt100_5   5  10    6440397.90     9510.37       6435678.00     3.0550     0.0292    2.9800     6361876.0        2011.5       OPTIMAL        1.1601              True                6478185.0   -0.6562
stilt100_5   8  10    10673005.00    90829.19      10428723.00    8.2880     0.0704    8.2000     10116440.0       28.9         OPTIMAL        3.0869              True                10306629.0  1.1846
stilt100_6   2  10    2805972.00     0.00          2805972.00     2.1570     0.0183    2.1300     2722457.0        508.8        OPTIMAL        3.0676              True                2752676.0   1.9362
stilt100_6   5  10    5676658.30     54862.57      5623809.00     3.4610     0.0441    3.3900     5412361.0        32.1         OPTIMAL        3.9068              True                5476226.0   2.6950
stilt100_6   8  10    9738383.50     116649.22     9511425.00     6.0480     0.0678    5.9100     9297847.0        29.6         OPTIMAL        2.2971              True                9414120.0   1.0336
stilt100_7   2  10    3207361.20     9652.96       3185244.00     2.8480     0.0270    2.8100     3088358.0        3374.5       OPTIMAL        3.1371              True                3097931.0   2.8184
stilt100_7   5  10    6127501.00     14674.64      6107242.00     3.6410     0.0281    3.5800     5904767.0        177.3        OPTIMAL        3.4290              True                5935471.0   2.8940
stilt100_7   8  10    10934981.60    95227.64      10851375.00    11.7520    2.6257    9.8200     10386931.0       196.4        OPTIMAL        4.4714              True                10451329.0  3.8277
stilt100_8   2  10    2752703.00     0.00          2752703.00     2.1290     0.0314    2.1000     2752703.0        1603.3       OPTIMAL        0.0000              True                2765915.0   -0.4777
stilt100_8   5  10    5905465.30     87354.47      5673916.00     3.6480     0.0469    3.5900     5649254.0        45.1         OPTIMAL        0.4366              True                5699532.0   -0.4494
stilt100_8   8  10    10141481.60    37586.10      10070700.00    7.8230     0.6517    7.1100     9626836.0        27.4         OPTIMAL        4.6107              True                9737544.0   3.4214
stilt100_9   2  10    2626326.10     7474.99       2611017.00     1.7170     0.0177    1.6800     2505203.8        78.4         OPTIMAL        4.2237              True                2529003.0   3.2429
stilt100_9   5  10    6000329.80     8490.18       5985799.00     2.7860     0.0212    2.7500     5933627.0        2435.6       OPTIMAL        0.8793              True                6006610.0   -0.3465
stilt100_9   8  10    10391289.20    56266.44      10246704.00    6.3310     0.0479    6.2700     10008040.0       37.7         OPTIMAL        2.3847              True                10166167.0  0.7922
stilt316_10  2  10    4541390.20     42825.18      4479633.00     67.3240    0.4376    66.7200    4181041.0        3600.1       TIME_LIMIT     7.1416              True                4259818.0   5.1602
stilt316_10  5  10    10844041.20    10378.56      10836002.00    201.2930   2.3007    198.1200   9554985.0        3600.2       TIME_LIMIT     13.4068             True                9698770.0   11.7255
stilt316_10  8  10    18334525.20    252030.22     18047920.00    644.2170   4.8090    637.7700   16947870.9       3600.1       TIME_LIMIT     6.4908              True                17928414.0  0.6666
stilt316_11  2  10    5006967.00     29988.73      4942930.00     56.8940    0.5392    56.1800    3980542.0        3600.1       TIME_LIMIT     24.1773             True                4026716.0   22.7534
stilt316_11  5  10    11401575.50    86028.07      11159760.00    158.0870   0.9693    156.3000   10183413.0       3600.1       TIME_LIMIT     9.5876              True                11182455.0  -0.2030
stilt316_11  8  10    18912860.40    74909.19      18857704.00    587.4200   5.3897    578.1400   17342434.0       3600.1       TIME_LIMIT     8.7374              True                19059822.0  -1.0604
stilt316_12  2  10    4773025.20     45605.30      4718595.00     62.5070    0.4291    62.1400    4017569.0        3600.1       TIME_LIMIT     17.4490             True                4092856.0   15.2886
stilt316_12  5  10    11775130.70    87925.81      11552949.00    188.0420   1.6200    185.8100   10037273.0       3600.8       TIME_LIMIT     15.1005             True                11140562.0  3.7017
stilt316_12  8  10    19336704.60    222520.01     18923408.00    719.7350   21.6216   676.9400   17319585.0       3600.2       TIME_LIMIT     9.2602              True                18612615.0  1.6698
stilt316_13  2  10    4657883.30     30466.19      4638962.00     51.0260    0.3140    50.6500    4494027.0        3600.1       TIME_LIMIT     3.2251              True                4588059.0   1.1095
stilt316_13  5  10    11054842.90    53872.25      11037807.00    178.3210   1.3730    176.1600   9708041.0        3600.3       TIME_LIMIT     13.6976             True                10581816.0  4.3092
stilt316_13  8  10    19088603.20    59357.79      18934448.00    680.5740   4.3905    672.4500   17686421.0       3600.1       TIME_LIMIT     7.0564              True                18244999.0  3.7788
stilt316_14  2  10    4166875.50     7259.01       4159989.00     49.6550    0.3528    49.0800    3768192.0        3600.1       TIME_LIMIT     10.3975             True                3882977.0   7.1340
stilt316_14  5  10    10919726.20    120969.25     10581584.00    169.7420   3.5487    167.0300   9772605.0        3600.2       TIME_LIMIT     8.2780              True                11648719.0  -9.1610
stilt316_14  8  10    18550722.80    151295.80     18176220.00    715.9620   4.7315    706.9600   16510486.0       3600.1       TIME_LIMIT     10.0889             True                18604883.0  -2.3040
stilt316_15  2  10    5024631.00     0.00          5024631.00     52.8490    0.3111    52.2200    4297527.0        3600.1       TIME_LIMIT     16.9191             True                4354395.0   15.3922
stilt316_15  5  10    10824087.60    62088.83      10752382.00    152.9690   1.7091    150.8700   9517006.0        2809.0       OPTIMAL        12.9807             True                10324831.0  4.1410
stilt316_15  8  10    18428330.60    359872.74     18113852.00    596.3040   29.1781   565.3100   18039560.0       3600.1       TIME_LIMIT     0.4118              True                19808755.0  -8.5563
stilt316_16  2  10    4410965.90     83460.91      4371477.00     54.8520    0.3593    54.3200    3846876.0        3600.1       TIME_LIMIT     13.6371             True                4193972.0   4.2324
stilt316_16  5  10    11404546.00    60361.56      11290018.00    198.3060   4.7171    188.9900   9943708.0        3601.0       TIME_LIMIT     13.5393             True                11922684.0  -5.3064
stilt316_16  8  10    19237126.00    150395.42     18879880.00    635.2300   9.2242    615.1600   17507711.0       3600.1       TIME_LIMIT     7.8375              True                18183724.0  3.8285
stilt316_17  2  10    4580567.30     16423.21      4534921.00     43.8600    0.3981    43.2600    4246938.0        3600.1       TIME_LIMIT     6.7810              True                4603918.0   -1.4987
stilt316_17  5  10    12177518.50    124011.76     11946519.00    164.2430   1.2651    161.5000   10485151.0       3600.1       TIME_LIMIT     13.9375             True                12932134.0  -7.6214
stilt316_17  8  10    19682302.00    109421.13     19370884.00    564.6260   17.8945   556.3700   17726640.0       3600.3       TIME_LIMIT     9.2756              True                18621782.0  4.0227
stilt316_18  2  10    4614324.60     15946.92      4606763.00     60.6500    0.3753    60.0800    3886928.0        3600.1       TIME_LIMIT     18.5194             True                4459552.0   3.3010
stilt316_18  5  10    10981215.00    0.00          10981215.00    195.2860   1.3937    192.5400   9495934.0        3600.0       TIME_LIMIT     15.6412             True                11103032.0  -1.0972
stilt316_18  8  10    18526509.80    194954.76     18196770.00    682.0710   10.9058   654.8900   17355203.0       3600.6       TIME_LIMIT     4.8491              True                18718446.0  -2.7870
stilt316_19  2  10    5223260.90     41401.61      5145830.00     63.6890    0.6527    62.8800    4126067.0        3600.3       TIME_LIMIT     24.7151             True                4429139.0   16.1813
stilt316_19  5  10    11025845.10    49691.18      10946632.00    162.9350   0.9725    161.1400   9789199.0        3601.2       TIME_LIMIT     11.8236             True                10275779.0  6.5285
stilt316_19  8  10    18120812.60    347883.81     17783226.00    511.6420   24.0662   486.1800   16419242.0       3600.1       TIME_LIMIT     8.3072              True                18428502.0  -3.5015
td100_1      2  10    37503.00       0.00          37503.00       0.7670     0.0142    0.7400     36509.0          14.2         OPTIMAL        2.7226              True                36960.0     1.4692
td100_1      5  10    87050.00       0.00          87050.00       1.1740     0.0196    1.1400     85987.0          3.9          OPTIMAL        1.2362              True                86909.0     0.1622
td100_1      8  10    160612.00      0.00          160612.00      4.7050     0.0264    4.6600     157727.0         2.1          OPTIMAL        1.8291              False               159743.0    0.5440
td316_10     2  10    79303.30       360.00        78843.00       19.2440    0.1310    18.9600    76669.0          25.6         OPTIMAL        2.8356              True                76986.0     2.4121
td316_10     5  10    210948.00      996.04        208603.00      72.2390    0.3821    71.8000    201465.0         16.5         OPTIMAL        3.5430              False               204331.0    2.0907
td316_10     8  10    401221.80      478.14        399861.00      279.4510   2.5841    276.9100   387300.0         37.7         OPTIMAL        3.2432              False               395088.0    1.2081
